This file was created using the 202303 Bloomberg database. It contains
value- and equal-weighted returns for the intersections of 2 ME portfolios
and 3 BE/ME portfolios in Europe.

The portfolios are constructed at the end of June.  ME is market cap at the end
of June.  BE/ME is book equity at the last fiscal year end of the prior calendar
year divided by ME as of  6 months before formation.  Firms with negative
BE are not included in any portfolio.

The annual returns are from January to December.

The break points include utilities and include financials.

The portfolios include utilities and include financials.

Missing data are indicated by -99.99.



  Average Value Weighted Returns -- Monthly
               Small                 Big
          Low     2    High    Low     2    High
199007   6.24   5.23   4.87   6.23   4.68   4.55
199008  -9.80 -10.05 -10.65 -10.46 -10.37 -10.21
199009  -9.99  -9.70 -10.03 -12.35 -11.87 -11.43
199010   4.43   5.59   4.22   7.95   8.25   5.92
199011  -2.29  -2.21  -2.07  -0.27   0.85   0.65
199012  -0.44   0.01  -0.05  -1.28  -0.99  -1.16
199101  -1.61  -1.65  -1.82   2.50   2.17   2.66
199102   8.53   9.27   9.32   7.97   7.20   8.51
199103  -3.85  -4.23  -4.63  -6.50  -6.47  -6.27
199104  -0.05  -0.62  -1.20  -0.33  -0.23  -0.35
199105  -2.23  -1.71  -2.24   1.13   1.46   1.39
199106  -6.05  -6.60  -6.78  -6.76  -7.08  -7.41
199107   2.75   2.87   2.83   6.19   6.56   5.39
199108   1.31   1.68   0.26   1.62   1.90   2.52
199109   4.69   6.00   4.40   3.42   2.86   3.62
199110  -2.36  -2.67  -3.60  -1.22  -2.50  -2.59
199111  -0.87  -0.76  -2.46  -0.50  -2.70  -2.53
199112   3.85   2.81   2.97   8.93   6.69   5.61
199201  -1.60  -0.54  -0.89  -0.99   0.17   0.88
199202  -0.01  -0.52  -0.66  -0.42  -0.38   0.59
199203  -3.14  -3.44  -2.73  -3.71  -3.04  -3.53
199204   3.97   4.76   3.86   5.10   6.16   5.07
199205   4.85   4.97   6.83   4.81   5.64   5.63
199206  -0.22  -0.55  -0.94  -0.61  -1.01  -1.58
199207  -4.67  -4.87  -5.72  -3.17  -3.54  -4.86
199208  -1.89  -1.82  -2.07  -0.39   0.02  -1.23
199209  -4.52  -6.39  -6.92  -2.18  -1.70  -3.43
199210  -9.74 -10.40  -8.20  -6.54  -8.57  -5.68
199211  -2.82  -3.08  -2.69  -0.30   0.41  -0.70
199212   3.20   2.19  -0.67   0.65   1.82   2.19
199301   4.16   4.20   4.13  -1.56  -0.15   4.36
199302   0.29   0.06   1.37  -0.31   2.32   2.08
199303   7.12   6.26   7.45   4.43   6.29   5.83
199304   5.09   4.20   7.06   1.52   1.05   3.40
199305   0.68   0.92   2.47   0.41   1.18   1.61
199306  -4.39  -4.20  -4.18  -4.31  -2.28  -1.46
199307  -1.13   0.42   2.18   0.30   1.46   3.00
199308   8.68   8.52  11.27   8.20   8.44  10.24
199309   0.02   0.80   0.19  -1.16   0.38  -1.25
199310  -0.56   1.15   1.61   2.59   3.53   1.95
199311  -1.32  -1.22  -1.82  -0.99  -2.27  -3.67
199312   3.89   4.79   6.80   6.34   8.30   8.65
199401   9.82  10.39  14.28   4.47   4.70   8.71
199402  -0.25   0.67   0.82  -3.80  -4.11  -2.85
199403  -2.10  -1.49  -0.54  -2.68  -3.71  -0.65
199404   3.00   3.05   4.70   3.99   3.74   5.25
199405  -2.10  -2.32  -1.78  -4.44  -3.72  -3.71
199406  -1.10  -1.09  -1.36  -0.18  -0.78  -1.92
199407   1.55   2.70   2.26   4.10   6.06   5.51
199408   2.49   1.85   0.62   3.43   2.87   0.06
199409  -0.98  -0.94  -0.35  -3.02  -4.14  -3.03
199410   1.02   1.22   1.22   4.23   4.93   3.36
199411  -4.88  -4.57  -4.30  -4.35  -4.11  -4.05
199412   0.73   0.37   0.84   1.01   0.32  -0.27
199501  -0.57   0.78   0.69  -1.38  -1.54  -0.72
199502   1.32   1.57   1.82   3.65   2.13   1.63
199503   3.49   2.01   1.64   5.51   4.02   2.42
199504   1.73   1.68   1.44   2.94   2.90   4.02
199505   2.28   2.35   1.99   2.22   1.80   3.43
199506   1.10   1.79   1.67   2.93   0.70   1.10
199507   4.04   2.88   2.28   4.45   4.82   4.15
199508  -1.89  -2.88  -3.17  -2.33  -3.61  -5.63
199509   3.28   2.10   1.36   3.72   2.68   1.78
199510  -0.84  -1.35  -1.59  -0.51  -0.25  -0.34
199511  -3.09  -3.13  -2.57  -0.33   0.67   0.70
199512   0.92   1.12   1.82   1.85   2.54   3.02
199601   0.74   0.89   1.04   0.63   1.20   0.58
199602   3.66   3.08   3.98   2.11   2.16   2.22
199603   0.90   1.52   2.09   1.33   1.21   1.16
199604   1.65   1.92   1.47   0.17   1.52   1.09
199605   3.79   3.00   3.75   1.98   1.75   1.46
199606  -0.18  -0.08   0.33   0.61   0.60   0.75
199607  -2.96  -1.35  -0.98  -1.34  -1.41  -1.38
199608   2.40   2.24   0.99   3.33   2.62   1.75
199609  -1.40  -0.44  -0.73   1.23   2.65   1.54
199610   3.42   2.74   2.22   2.25   2.27   0.84
199611   2.53   1.91   2.64   4.29   4.74   6.18
199612   2.10   2.11   2.96   2.17   2.56   2.81
199701   0.07   0.92   1.78  -0.78  -0.06   1.54
199702   1.71   1.79   1.37   1.12   0.94   0.97
199703   0.56   1.62   2.19   2.49   2.39   3.04
199704  -2.04  -1.94  -1.08  -0.24   0.27  -0.82
199705   2.12   4.37   3.93   4.31   5.08   4.70
199706  -0.20   1.00   1.51   3.89   5.15   4.26
199707  -2.83  -1.72   0.12   4.25   3.97   4.91
199708   1.70   0.27  -0.01  -5.28  -5.81  -5.31
199709   5.04   5.29   7.65   8.84   9.60  11.57
199710  -0.27  -1.27  -0.18  -5.07  -5.43  -3.40
199711  -1.83  -1.48  -1.89   1.29   1.83   0.37
199712  -1.19  -0.57   0.62   2.73   2.62   4.81
199801   2.30   0.70   4.16   4.85   2.50   3.92
199802   5.85   6.02   7.17   8.00   7.83   8.69
199803   8.47   6.85  10.90   4.17   7.98  10.80
199804   5.03   3.94   3.34   2.17   2.77   2.74
199805   5.64   3.89   4.74   1.28   2.36   4.21
199806  -2.56  -3.66  -3.79   0.62   0.87  -1.92
199807  -0.81  -1.20  -0.73   1.93   1.51   4.85
199808 -11.17 -11.02  -9.68  -9.16 -12.21 -15.67
199809  -4.64  -4.17  -3.44  -2.68  -3.84  -9.29
199810   1.21   2.00   2.04   7.42   7.45   8.25
199811   2.44   1.67   1.76   3.98   4.98   6.11
199812   1.38   0.49   0.57   5.11   2.81   2.12
199901   1.07  -1.51  -1.42   0.35  -0.41  -1.31
199902   1.36  -0.59  -0.01  -2.58  -1.35  -3.41
199903  -0.05  -0.27   1.42  -0.04   0.69   1.25
199904   3.36   3.89   4.43   0.45   5.65   3.13
199905  -0.22   0.98   1.17  -3.22  -3.92  -4.38
199906   1.46   1.71   2.92   2.25   2.13   1.84
199907   4.42   5.60   3.92   0.90   0.87   2.11
199908   6.71   5.07   3.66   0.73   1.34   1.60
199909   3.02   1.84   0.29   0.09  -0.65  -0.78
199910   2.15   1.80  -0.71   4.72   1.90  -0.04
199911   9.37   1.08  -1.16   5.38   2.68  -2.20
199912   9.14   3.75   2.58  11.88   8.13   9.92
200001   5.80  -0.73  -2.10  -6.02  -8.82 -10.36
200002  13.59   6.08   0.57   7.27   6.49   1.28
200003  -6.70  -3.79  -0.51   0.54   3.39   0.82
200004 -14.22  -8.99  -5.12  -4.79  -5.00  -2.29
200005  -2.80   2.04   4.20  -1.93   2.53   3.18
200006   0.35   1.68   2.64  -0.59   1.72   3.53
200007  -2.63  -1.12  -0.98  -3.24  -0.11   1.70
200008  -0.80  -1.47   0.12  -1.58   0.07  -3.26
200009  -3.41  -2.42  -1.31  -6.52  -3.32  -3.32
200010 -13.08  -6.48  -3.69  -3.75  -0.75   2.12
200011 -13.22  -3.40   1.34  -8.83  -1.17  -1.06
200012   5.38   6.62   7.56   2.95   7.94   7.41
200101   0.51   2.30   3.41   0.75   1.01  -0.76
200102  -8.91  -4.07  -0.33 -16.25  -5.22  -5.99
200103 -13.39  -8.90  -7.08 -11.72  -8.20  -6.37
200104   4.02   4.78   5.25  13.33   6.30   5.79
200105  -5.13  -1.94  -0.53  -7.98  -3.43  -4.12
200106  -9.45  -2.77  -1.45  -6.72  -1.62  -2.32
200107  -6.27  -1.38   0.70  -0.32  -0.32   0.32
200108  -2.72   0.26   2.30  -4.56  -0.43  -1.29
200109 -20.63 -16.14 -12.13  -8.85 -11.61 -12.68
200110   8.88   4.80   2.39   4.17   2.44   4.09
200111   8.58   6.72   4.34   4.81   2.56   6.85
200112  -0.14  -0.19   1.31   1.44   2.25   2.78
200201  -3.64  -2.66   0.05  -5.55  -3.95  -5.58
200202  -2.70   0.15   2.61   1.04   0.85  -0.78
200203   4.06   4.86   4.71   3.82   6.38   4.65
200204  -1.12   2.43   5.45  -3.08   1.19  -0.13
200205  -0.61   3.17   3.87  -2.56   1.44   2.36
200206  -4.52  -0.68   1.36  -1.47  -3.22  -2.51
200207 -10.13  -8.45  -6.77 -10.81 -11.92  -7.88
200208  -2.92  -0.89  -1.05  -0.57   0.68   1.77
200209 -12.63 -11.46  -8.34  -8.66 -16.01 -16.75
200210   3.75   2.04   1.98   8.43  11.01   8.52
200211   5.79   4.94   3.92   2.17   6.45   8.37
200212  -2.88   0.73   3.59  -2.93  -3.42  -2.92
200301  -2.61  -1.12   0.12  -4.17  -3.82  -1.86
200302  -4.02  -2.94  -2.02  -4.34  -2.63  -3.01
200303  -0.75  -0.38  -0.78  -0.74  -1.91  -1.73
200304  12.13  11.70  10.66  12.46  13.91  14.42
200305  10.40  10.41  10.46   6.83   7.31   9.00
200306   3.25   3.18   2.71   0.00   1.79   1.38
200307   1.60   2.44   4.55  -1.09   3.25   3.72
200308   3.23   2.55   3.80   0.73  -0.66   0.18
200309   5.00   5.11   5.98   3.34   2.13   2.49
200310   4.40   5.56   6.73   4.24   6.84   9.22
200311   4.07   4.86   4.88   4.77   4.24   4.79
200312   5.22   5.62   5.90   7.32   7.84   7.62
200401   4.36   5.82   7.49   1.48   2.05   3.12
200402   3.62   4.02   4.65   2.92   3.54   2.64
200403  -3.02  -2.43  -2.38  -3.39  -2.55  -4.54
200404  -2.39  -1.33  -1.83  -1.28  -1.25  -0.12
200405   0.33   0.99   0.20   2.23   1.57   0.69
200406   3.02   2.74   3.52   1.35   1.88   2.80
200407  -3.37  -2.90  -2.85  -3.78  -2.17  -3.40
200408  -0.64   0.02   0.98  -0.18   1.09   0.83
200409   4.24   4.31   4.41   3.10   4.77   4.42
200410   4.38   4.57   4.05   3.51   4.15   5.22
200411   8.39   8.91   9.84   6.13   6.59   8.14
200412   3.95   5.38   4.96   4.21   4.35   4.64
200501   1.04   2.19   2.99  -2.38  -0.91  -1.20
200502   5.13   5.04   6.27   4.12   4.95   5.05
200503  -2.97  -2.38  -2.19  -2.02  -2.70  -2.33
200504  -2.95  -2.27  -0.69  -0.99  -3.08  -3.46
200505  -1.94  -0.85  -0.56   0.31   0.06   1.28
200506   1.22   2.94   3.28   0.16   3.06   1.37
200507   3.90   4.80   4.85   3.47   3.87   5.21
200508   4.64   4.38   3.72   1.84   1.97   2.54
200509   1.27   1.65   1.80   2.31   1.42   2.04
200510  -4.12  -4.10  -3.62  -2.29  -4.00  -1.98
200511   1.40   0.91   1.58   0.83   2.15   1.77
200512   4.46   4.92   4.50   3.32   4.58   4.17
200601   8.56   8.38   9.48   5.15   6.85   7.72
200602   2.22   3.39   3.03  -0.17   0.61   1.91
200603   4.13   5.34   6.08   4.07   3.73   5.53
200604   7.46   7.17   7.23   5.97   4.86   5.56
200605  -3.81  -4.12  -4.31  -2.80  -3.19  -3.40
200606  -1.78  -1.13  -1.14   1.00   0.45  -0.66
200607  -0.99  -0.40   0.62   0.62   1.78   2.24
200608   3.02   2.33   3.41   3.22   2.76   3.60
200609   1.86   0.57   0.89   0.18   1.11   1.79
200610   3.39   4.47   5.26   3.89   3.94   5.02
200611   6.35   6.27   6.52   3.30   4.29   3.82
200612   5.11   4.12   4.45   2.75   3.51   4.50
200701   1.81   3.43   3.13   1.11   0.27   1.34
200702   0.70   1.66   0.85   0.16  -0.50  -0.16
200703   3.93   4.70   5.13   3.95   4.93   2.83
200704   5.20   5.99   5.93   5.00   6.09   6.80
200705   0.93   1.45   1.01   1.11   2.30   2.15
200706  -0.80  -0.28  -0.02   0.26   0.35   0.28
200707  -0.67   0.36  -0.16  -1.39  -1.88  -2.63
200708  -4.59  -5.14  -3.53  -0.52  -1.59  -1.69
200709   2.35   1.63   1.88   6.67   4.89   5.46
200710   5.56   5.55   4.03   4.60   5.01   4.28
200711  -8.41  -7.58  -7.27  -0.71  -2.87  -5.38
200712  -3.40  -2.36  -2.44  -2.96  -1.18  -1.47
200801 -10.47  -9.51  -8.10  -8.42  -9.99 -10.81
200802   4.19   4.83   4.63   2.20   2.57   0.74
200803  -0.51  -0.10   0.04  -1.54   0.04   2.65
200804   1.66   3.51   1.52   4.40   5.44   4.52
200805   1.43   1.66   1.37   1.74   1.81  -0.54
200806  -7.95  -6.75  -5.98  -6.82  -8.73 -10.18
200807  -5.28  -4.64  -5.67  -3.04  -5.32  -0.75
200808  -4.13  -4.18  -4.32  -3.98  -5.02  -3.97
200809 -17.93 -17.53 -16.85 -13.77 -16.21 -13.02
200810 -25.82 -26.47 -27.04 -19.10 -20.56 -24.93
200811  -8.16  -7.49  -9.20  -4.75  -6.17 -10.97
200812   3.32   5.19   6.87   6.43   8.06   5.31
200901  -5.16  -7.62  -7.28  -8.84 -11.19 -14.81
200902  -4.78  -6.13  -7.17  -7.71 -10.22 -13.79
200903   6.37   4.12   4.72   6.16   5.92  10.73
200904  16.84  15.07  16.37   8.41  12.22  22.20
200905  14.58  13.64  13.20  12.50  13.72  11.41
200906   0.56  -0.16  -1.18  -0.92  -2.97  -1.56
200907   6.40   6.36   8.15   8.30  10.26  14.10
200908   4.57   7.34  11.51   2.70   4.35  10.81
200909   6.32   6.97   7.67   4.92   5.18   5.83
200910   0.08  -0.50  -1.30  -0.03  -1.39  -5.21
200911   1.58   1.05   0.57   3.59   3.57   2.16
200912  -0.42  -0.77  -1.19   1.68   1.44  -0.04
201001  -0.83  -1.28  -1.16  -3.78  -6.42  -7.18
201002  -2.37  -2.43  -3.54  -0.78  -2.25  -3.18
201003   3.95   5.78   7.23   4.48   6.14   9.74
201004   1.49   0.87   0.78  -2.87  -0.81  -2.75
201005 -11.12 -11.92 -14.00 -10.07 -12.00 -14.37
201006  -0.65   0.31  -2.17   1.23  -2.38  -1.69
201007  10.21  10.27  11.30   9.18  11.44  17.28
201008  -4.27  -4.11  -4.87  -1.87  -4.39  -6.65
201009  13.00  13.02  11.35  10.64  12.03  11.77
201010   5.57   5.50   5.19   4.63   5.02   5.15
201011  -7.46  -6.09  -8.36  -5.94  -7.55 -11.87
201012  10.23  11.88  11.09   7.72   9.51   9.20
201101   2.54   3.58   4.94   0.17   3.47   8.72
201102   1.70   1.88   2.60   3.04   3.03   3.54
201103   2.00   2.28   0.98   0.98  -0.54  -1.69
201104   7.39   6.84   7.03   8.75   8.28   7.58
201105  -2.57  -2.62  -3.48  -1.00  -3.57  -4.58
201106  -3.09  -3.22  -3.23  -1.81  -2.14  -1.52
201107  -2.20  -2.66  -4.34  -0.81  -2.57  -6.78
201108  -8.82  -9.32 -10.02  -6.86 -10.33 -13.25
201109 -10.99 -13.00 -13.80 -11.02 -11.55 -11.96
201110   9.02   7.67   6.83  10.98  12.03  10.70
201111  -5.88  -7.19  -8.56  -3.07  -3.80  -7.12
201112  -3.11  -2.55  -3.79  -1.69  -1.69  -3.13
201201   8.50   8.50   7.83   4.48   4.81   7.27
201202   8.16   7.53   7.49   5.99   6.69   5.94
201203   0.84   0.91   0.14   1.37  -0.71  -0.75
201204  -0.51  -0.65  -2.68  -0.12  -1.50  -6.32
201205 -11.37 -12.11 -13.00 -10.41 -12.74 -13.93
201206   2.97   3.03   4.03   6.11   6.47  11.31
201207   0.16  -0.60  -1.54   1.93   1.18  -1.53
201208   3.94   4.23   5.71   2.99   3.84   7.61
201209   4.72   4.34   5.99   2.82   2.20   5.86
201210   1.17   0.96   1.62   0.90   0.99   4.02
201211   0.24   0.41  -0.17   3.49   1.70   2.73
201212   4.62   5.13   6.98   1.41   3.27   5.12
201301   4.21   6.68   8.96   4.35   6.05   8.26
201302   0.00  -0.07  -2.08  -0.53  -2.64  -5.14
201303  -0.17  -1.44  -2.07   1.97   0.48  -4.73
201304   1.92   2.45   4.40   2.66   3.57   7.52
201305   1.99   1.61   3.00  -0.95   0.65   3.69
201306  -1.87  -2.61  -3.64  -3.54  -4.62  -6.87
201307   5.44   6.28   6.82   5.95   7.31  10.17
201308   1.74   1.19   2.36  -0.98  -1.46  -0.57
201309   6.90   7.04   7.79   5.87   7.58   7.74
201310   2.13   4.14   6.57   2.42   4.18   6.77
201311   2.79   2.52   1.03   0.57   1.69   1.49
201312   3.02   2.76   2.74   2.27   2.50   2.13
201401  -1.22   0.32   1.31  -4.69  -3.54  -2.06
201402   7.53   7.33   8.52   7.46   7.35   7.21
201403  -1.88  -0.32   1.36  -0.80  -0.44  -0.59
201404  -0.68  -0.08   0.36   2.11   2.41   1.64
201405   0.08   0.13   0.28   1.30   0.95   0.28
201406   0.10   0.70  -0.83   1.02   0.16  -1.57
201407  -4.42  -4.89  -4.19  -3.91  -4.96  -3.33
201408  -0.32  -0.87  -1.39   0.59   0.10  -0.37
201409  -5.92  -5.01  -6.39  -3.14  -3.78  -3.55
201410  -2.72  -2.84  -5.74  -0.81  -2.85  -3.96
201411   1.41   0.64   0.52   3.12   3.15   0.37
201412  -0.60  -1.46  -3.20  -3.05  -3.72  -5.15
201501  -1.37  -1.86  -2.28   2.23   0.83  -3.90
201502   7.10   6.92   7.41   4.48   5.89   8.08
201503  -2.80  -2.36  -2.88  -1.57  -2.74  -2.20
201504   7.23   6.31   6.72   3.93   4.70   5.10
201505   2.48   1.79  -0.30   0.85  -0.52  -1.32
201506  -0.78  -1.06  -1.34  -3.73  -2.67  -2.87
201507   2.58   2.13   0.32   4.07   2.38   1.02
201508  -2.35  -2.76  -3.01  -6.07  -5.75  -7.41
201509  -2.35  -3.15  -4.36  -2.50  -2.94  -7.76
201510   4.14   4.01   2.53   6.29   6.92   6.37
201511   0.92  -1.22  -3.26  -0.81  -1.51  -2.24
201512   1.74   2.23   0.49  -1.87  -1.85  -3.13
201601  -8.28  -6.92  -6.52  -4.93  -4.84  -9.67
201602  -0.82  -0.27  -0.14  -2.20  -1.25  -2.13
201603   6.96   8.68   9.09   5.91   7.53   6.15
201604   1.32   1.20   3.38   0.87   1.42   5.53
201605   2.24   1.44  -0.73   0.74  -0.37  -2.02
201606  -8.84  -7.02  -6.03  -2.07  -4.50  -8.16
201607   6.29   5.38   5.95   3.73   4.78   4.50
201608   2.04   2.64   2.17  -1.15   0.59   2.57
201609   2.28   1.20   1.90   0.42   1.70   0.51
201610  -5.33  -4.45  -1.38  -6.72  -4.16   2.05
201611  -2.34  -1.27  -1.61  -4.11  -2.76  -1.01
201612   3.43   3.92   4.57   3.57   4.45   6.40
201701   4.43   4.71   4.96   2.46   2.66   2.88
201702   0.86   1.32   0.15   2.65   1.67  -1.85
201703   2.45   3.65   3.25   4.34   4.40   4.53
201704   6.79   7.28   5.25   4.33   6.00   3.27
201705   4.93   5.48   4.84   5.88   4.94   4.39
201706  -0.09   0.86   1.51  -1.98  -0.88   0.49
201707   3.67   3.92   5.02   1.52   3.33   5.36
201708   0.38  -0.28   0.42   0.87   0.43  -0.59
201709   3.43   2.86   2.06   1.73   2.93   4.04
201710   0.05  -0.38  -0.26   0.53   1.15   0.60
201711  -1.04  -0.17   0.72   0.06  -0.30   0.88
201712   2.91   2.69   3.26   1.16   1.23   1.82
201801   6.94   5.99   6.08   4.11   5.36   7.16
201802  -3.41  -4.23  -4.82  -5.28  -5.48  -5.37
201803  -1.45  -0.76  -0.93   0.38   0.17  -2.02
201804   1.17   1.82   2.00   1.48   2.06   3.67
201805   0.58  -1.42  -3.52  -0.32  -1.55  -6.18
201806  -1.03  -1.84  -1.75   0.64  -0.95  -1.77
201807   0.81   1.16   1.38   3.33   2.18   3.57
201808  -1.46  -1.49  -2.13   0.11  -3.29  -4.52
201809  -1.64  -1.44  -0.17  -0.86  -0.35   2.34
201810 -11.11  -9.87  -8.70  -8.40  -8.31  -7.87
201811  -1.80  -2.25  -2.55  -0.70  -1.29  -1.07
201812  -6.50  -4.79  -3.70  -3.66  -4.74  -4.56
201901   7.55   7.03   6.38   6.73   6.45   5.99
201902   2.21   1.28   1.91   4.43   3.09   2.28
201903  -0.27  -1.50  -0.78   2.90   1.11  -1.26
201904   4.84   4.69   2.74   4.03   3.88   4.05
201905  -3.33  -5.28  -3.20  -3.42  -5.72  -6.64
201906   3.89   3.88   3.29   7.05   6.91   5.01
201907  -4.55  -3.56  -2.63  -1.60  -1.97  -3.34
201908  -2.92  -3.41  -2.42  -0.32  -1.92  -4.74
201909   1.13   1.88   2.24   0.29   2.27   5.35
201910   4.90   4.08   3.96   4.01   2.18   3.96
201911   5.94   3.13   2.33   2.07   1.93   1.19
201912   6.78   6.48   7.01   3.72   3.87   4.31
202001  -1.45  -2.23  -3.02  -0.58  -2.44  -4.78
202002  -8.43  -8.93  -8.68  -8.24  -9.20  -9.46
202003 -15.37 -19.96 -23.44  -8.59 -14.39 -23.13
202004  14.10  11.09   8.35   6.96   6.41   5.07
202005   8.80   5.78   4.24   6.72   5.47   3.00
202006   3.34   3.51   3.05   2.51   4.72   6.27
202007   8.65   6.47   3.50   5.01   4.89   0.66
202008  10.30   7.25   5.60   4.33   4.51   5.57
202009  -1.41  -2.83  -3.22  -0.94  -2.45  -6.61
202010  -2.92  -4.01  -3.85  -4.91  -5.12  -4.37
202011  14.17  18.33  21.01  10.86  16.23  25.53
202012  11.69   9.25   8.58   5.47   5.03   5.05
202101  -0.06   1.10  -0.37  -1.40  -1.23  -1.68
202102   1.70   3.23   6.25   0.49   0.67   7.39
202103  -0.64   1.95   3.42   2.24   3.28   5.11
202104   7.74   6.51   6.77   7.87   4.28   2.47
202105   1.99   3.91   5.14   4.51   4.04   5.47
202106  -3.17  -2.90  -3.48   0.73  -1.83  -3.96
202107   3.38   2.96   1.11   4.00   1.34   0.31
202108   4.55   2.38   2.45   1.53   1.12   1.25
202109  -6.84  -5.19  -3.52  -6.53  -5.96  -1.26
202110   2.93   2.87   2.56   5.63   2.88   4.72
202111  -5.70  -4.86  -5.35  -2.07  -4.44  -6.64
202112   3.09   4.70   4.64   3.85   6.58   6.02
202201 -12.77  -7.05  -2.15 -10.78  -4.29   2.78
202202  -4.73  -3.90  -1.84  -3.77  -2.34  -5.52
202203  -0.87   0.14   1.04  -0.26   0.19  -1.38
202204  -9.44  -6.38  -5.28  -6.80  -4.60  -5.68
202205  -1.00   0.15   1.75  -1.94   1.79   5.76
202206 -12.56 -10.27 -11.51  -7.15 -10.93 -13.11
202207   7.69   4.89   3.89   9.23   4.36   1.02
202208  -9.43  -7.38  -3.64  -8.36  -6.59  -3.34
202209 -13.84 -13.45 -11.56  -9.08  -9.79  -8.86
202210   6.53   5.73   6.83   5.31   6.74   9.89
202211  12.21  11.12  10.45  13.04  13.65  12.49
202212  -0.94   0.71   2.28  -2.00  -0.24  -0.07
202301   6.19   8.26   7.11   8.74   7.41  10.09
202302  -1.94  -1.38   1.20  -2.15  -1.85   1.42
202303  -0.73  -0.99  -2.37   6.53   4.32  -4.11



  Average Equal Weighted Returns -- Monthly
               Small                 Big
          Low     2    High    Low     2    High
199007   5.72   4.31   4.74   5.61   4.84   4.04
199008  -8.29  -9.75  -9.18 -11.05 -12.01 -12.57
199009  -9.58  -9.63  -9.24 -12.96 -13.18 -13.23
199010   3.62   4.21   2.95   7.05   6.66   5.48
199011  -3.55  -3.06  -2.51  -1.67  -1.28  -1.77
199012  -0.84  -0.54  -0.04  -1.25  -0.53  -0.15
199101  -2.80  -2.42  -2.21   1.06   0.43   0.94
199102  10.12   9.87   8.83   9.87  10.40  12.50
199103  -1.44  -2.12  -2.19  -5.72  -6.06  -5.46
199104  -0.22  -0.30  -1.29  -0.77  -1.11  -2.28
199105  -2.03  -2.86  -3.00   0.29   0.70   0.77
199106  -6.77  -7.40  -6.65  -5.93  -6.63  -6.86
199107   2.31   2.98   2.65   3.80   4.48   4.45
199108   0.19   1.50   0.52   1.63   1.19   3.15
199109   5.21   7.22   7.13   2.83   2.80   2.89
199110  -3.39  -2.21  -3.21  -2.89  -3.60  -3.54
199111  -0.55  -0.96  -1.19  -1.48  -3.00  -2.87
199112   3.65   3.61   3.31   5.35   5.16   4.38
199201  -2.13  -2.54  -2.35  -0.81   1.75   1.88
199202   0.30  -0.69  -0.22   0.03  -0.23  -0.59
199203  -3.78  -3.58  -3.07  -2.73  -3.01  -2.98
199204   3.24   5.25   6.40   3.62   4.79   4.83
199205   6.52   6.67   7.55   3.43   4.95   4.86
199206  -0.46  -0.28  -0.37  -0.55  -1.76  -2.19
199207  -4.64  -4.86  -5.78  -3.51  -5.43  -6.86
199208  -2.08  -1.59  -1.99  -2.24  -1.41  -2.25
199209  -6.10  -7.24  -7.82  -3.49  -4.58  -7.11
199210 -10.15 -10.89  -8.71  -6.50  -6.84  -3.18
199211  -3.17  -2.88  -2.12  -0.95  -0.57  -1.12
199212   3.12   2.28   0.05   0.77   1.81   0.88
199301   7.15   5.40   6.10   1.75   2.85   5.51
199302   1.82   1.17   1.65   0.93   2.17   1.25
199303   7.59   6.90   8.72   5.72   5.45   5.62
199304   5.95   5.65   7.07   2.28   4.10   6.87
199305   0.89   2.64   4.10   0.81   0.58   2.14
199306  -4.77  -4.85  -3.63  -3.91  -3.99  -3.35
199307  -0.91   0.24   4.67   1.06   1.84   3.33
199308   8.88   8.07  11.19   8.06   8.92  11.43
199309   1.31   1.21   1.69  -1.07   0.12  -1.88
199310  -1.04   0.91   1.13   1.93   2.20   1.81
199311  -1.08  -0.01  -0.30  -1.46  -2.28  -3.29
199312   3.57   5.37   5.92   6.10   7.70  10.17
199401  11.44  11.27  16.20   6.28   8.06  11.66
199402   0.68   1.22   2.87  -1.76  -2.33  -1.69
199403  -1.99  -0.32   0.23  -1.60  -1.41   0.83
199404   3.76   3.04   4.72   3.43   4.60   6.26
199405  -2.04  -2.04  -0.85  -3.61  -3.84  -3.97
199406  -1.63  -0.62  -0.63  -0.21  -1.42  -1.98
199407   0.87   2.13   1.76   4.21   5.34   3.93
199408   2.44   1.20   1.29   1.92   1.86  -0.39
199409  -0.74  -0.56   0.93  -2.48  -3.46  -1.87
199410   0.78   0.89   1.39   3.10   2.89   1.76
199411  -5.41  -4.32  -4.44  -4.60  -4.17  -4.38
199412   0.70   0.54   1.52   0.87   0.79   0.34
199501   1.17   0.28   1.02  -1.87  -1.07  -0.37
199502   0.68   1.33   1.90   2.81   2.08   1.39
199503   1.90   2.27   2.15   3.95   2.12  -0.34
199504   1.29   0.71   1.08   2.30   3.66   3.88
199505   2.49   1.74   1.95   2.35   1.95   2.82
199506   0.36   1.21   2.03   2.50   1.00   0.94
199507   3.59   3.35   2.26   3.91   4.28   3.80
199508  -1.58  -2.84  -2.61  -2.67  -4.00  -5.13
199509   2.90   2.65   2.78   2.54   2.09   1.60
199510  -0.32  -0.25  -0.87  -1.51  -1.52  -2.35
199511  -2.81  -3.10  -2.32  -2.25  -0.20  -1.46
199512   1.34   1.04   1.15   2.35   2.29   2.46
199601   0.43   0.24   0.57   1.21   1.10   1.63
199602   4.30   3.19   3.59   3.34   3.29   3.34
199603   0.30   1.24   2.12   1.76   1.24   0.28
199604   0.89   1.45   1.56   0.53   2.18   2.05
199605   4.18   3.64   3.86   2.90   1.95   2.71
199606  -0.49  -0.24   0.75   0.43  -0.13  -0.36
199607  -1.87  -0.53   1.00  -2.13  -1.51  -1.61
199608   2.08   2.13   1.37   3.11   2.02   1.94
199609  -1.49  -1.29  -0.67   0.12   1.02   0.03
199610   1.42   1.66   2.02   2.41   1.67   0.73
199611   2.18   1.94   2.77   2.64   3.30   4.93
199612   1.42   1.71   2.43   1.62   2.42   4.03
199701   0.04   0.57   1.17  -0.81   0.50   3.42
199702   3.74   2.83   2.36   0.65   0.32   1.31
199703   0.62   1.33   2.21   1.18   2.17   2.76
199704  -1.94  -1.66  -0.92  -2.28  -1.71  -0.96
199705   1.49   3.60   3.56   3.50   3.57   3.45
199706  -0.50   0.40   1.18   2.08   3.68   3.45
199707  -3.37  -2.33  -1.71   1.44   1.77   3.18
199708   1.28   1.18   0.76  -2.31  -2.57  -2.62
199709   4.51   4.94   5.85   7.27   7.70   9.54
199710  -0.25  -0.34   0.33  -3.67  -3.90  -2.60
199711  -1.95  -1.62  -1.18   0.96   0.71  -0.77
199712  -1.09  -1.96  -0.57   0.95   0.84   3.84
199801   2.03   0.91   2.83   2.34   2.14   4.69
199802   5.35   4.92   6.30   7.35   7.37   8.90
199803   6.75   6.38   7.69   7.14   8.24  11.93
199804   4.82   4.51   5.58   2.89   4.76   2.93
199805   4.84   4.43   4.28   2.36   3.14   3.45
199806  -2.91  -2.35  -2.49  -2.68  -2.33  -4.34
199807  -1.15  -0.94  -0.04   2.75   1.95   1.67
199808 -10.17  -9.22  -6.77 -11.26 -10.94 -12.93
199809  -3.81  -3.71  -2.13  -3.26  -4.57  -6.15
199810  -0.47   0.11   0.70   6.38   7.57   6.50
199811   2.10   1.21   1.31   3.03   2.25   5.36
199812   1.12  -0.43   0.52   2.29   2.50   1.04
199901   2.48   0.43   0.70   1.51  -1.80  -1.76
199902   0.67  -0.89   0.46  -1.94  -2.03  -1.82
199903   1.14   0.19   1.45  -0.15   0.39   2.58
199904   3.94   5.24   4.78   3.11   5.55   5.11
199905   0.79   2.06   3.75  -1.25  -2.34  -2.46
199906   1.67   2.31   3.04   1.94   1.97   2.16
199907   4.60   7.05   5.26   2.26   1.51   2.95
199908   4.20   4.54   2.96   0.83   1.24   1.10
199909   1.87   1.77   1.76  -0.24  -0.37  -0.20
199910   0.17   0.40  -0.20   1.45  -0.67  -2.06
199911  10.47   3.91   0.84   5.54  -0.78  -1.34
199912  10.78   6.53   4.29   9.62   6.87   7.05
200001   8.49   4.73   2.15  -6.01  -7.08  -8.92
200002  10.40   6.33   1.58   6.49   2.86   0.96
200003  -1.50   0.22   0.69   1.15   3.24   4.22
200004 -10.65  -7.45  -5.34  -6.24  -2.88  -3.24
200005  -1.89   2.25   3.82   0.34   4.01   4.07
200006   0.75   1.30   2.68   1.11   1.77   2.44
200007  -4.04  -2.05  -1.03   3.47   0.00  -0.28
200008  -2.26  -0.98  -0.54   0.39  -0.43  -0.65
200009  -2.63  -1.74  -1.07  -5.95  -2.12  -2.54
200010 -14.39  -7.53  -4.42  -7.28  -1.86   0.41
200011 -12.46  -4.38   0.11 -12.82  -0.59   2.86
200012   2.32   3.48   5.86   5.83   8.18   8.01
200101   3.95   5.81   3.90   5.79   1.88   1.10
200102  -6.77  -5.35  -1.21 -13.77  -3.03   0.29
200103 -12.25  -9.30  -7.07 -16.19  -8.54  -8.19
200104   3.70   3.96   4.27  13.60   5.73   4.90
200105  -6.63  -2.71  -0.88  -6.08  -3.00  -1.70
200106 -11.57  -4.94  -1.05 -10.20  -2.42  -2.45
200107  -6.03  -2.64  -0.27  -1.35   0.00   1.15
200108  -2.92  -0.17   1.49  -3.42   0.63   0.53
200109 -19.39 -15.74 -11.45 -15.02 -13.00 -14.98
200110  11.64   6.65   3.64  10.26   3.63   4.69
200111   8.58   7.67   4.61   9.04   5.38   6.87
200112  -1.41  -1.39   0.26   0.41   1.68   1.91
200201  -3.22  -2.17  -0.48  -5.42  -1.79  -0.91
200202  -4.00  -2.45   0.63  -1.49   0.97   1.85
200203   2.94   3.31   3.89   6.07   6.92   5.25
200204  -2.03   0.28   3.45  -4.08   2.76   2.76
200205  -1.31   0.95   3.17  -1.02   2.10   2.49
200206  -5.73  -2.29   1.56  -4.76  -3.06  -1.34
200207  -7.57  -8.20  -6.26 -11.68 -10.72  -8.41
200208  -3.06  -1.77  -0.33  -0.19   0.68   0.02
200209 -13.21 -12.28  -8.67 -12.39 -12.17 -13.35
200210   3.30   3.40   2.54   9.35   8.82   6.13
200211   7.43   6.80   5.38   7.69   6.99   7.31
200212  -2.48  -2.06   2.43  -4.81  -1.55  -0.82
200301  -0.88  -1.43   1.14  -2.64  -2.04  -1.82
200302  -5.51  -4.22  -3.20  -5.63  -4.11  -3.69
200303  -2.02  -2.19  -1.15  -0.53  -0.27  -0.77
200304  13.15  13.95  11.73  16.50  15.50  18.45
200305  12.12  12.22  12.28  10.72   8.64   9.77
200306   4.28   5.58   5.41   0.34   1.51   2.67
200307   1.73   3.14   5.14   2.28   2.37   5.26
200308   4.02   3.92   4.96   1.72   1.04   1.87
200309   7.04   6.63   8.14   4.35   4.30   4.25
200310   4.65   5.42   5.24   5.93   6.09   7.69
200311   5.16   4.47   4.84   4.17   4.43   5.03
200312   4.23   5.04   5.07   6.02   6.33   5.53
200401   7.88   7.39   9.33   3.43   3.51   3.62
200402   4.67   4.47   4.79   3.81   3.33   3.41
200403  -3.68  -2.89  -2.76  -2.79  -1.40  -3.30
200404  -2.88  -1.77  -1.88  -1.50  -0.74  -0.87
200405  -0.49  -0.42  -0.23   2.26   1.57   0.61
200406  -0.08   1.10   1.72   2.10   2.41   3.74
200407  -3.96  -2.59  -2.64  -3.89  -3.73  -2.38
200408  -1.24  -0.23  -0.04   0.14   1.09   0.58
200409   2.92   3.22   3.53   4.24   4.77   4.10
200410   3.48   4.57   4.92   4.27   4.24   4.47
200411   7.07   8.07   8.73   7.04   7.43   8.56
200412   3.05   3.96   4.61   4.52   5.36   5.51
200501   1.88   2.68   3.72  -1.00   1.02   0.22
200502   6.59   6.11   7.49   3.66   5.05   5.93
200503  -3.20  -2.78  -1.93  -2.79  -2.22  -2.63
200504  -3.38  -2.25  -2.05  -2.80  -2.91  -3.09
200505  -3.67  -2.44  -2.32   0.22   0.46   1.19
200506   1.06   1.68   2.35   0.84   2.08   1.83
200507   2.26   3.69   4.84   3.68   4.97   4.46
200508   4.87   4.66   4.58   2.75   3.79   3.13
200509  -0.21   1.27   0.39   2.03   2.58   1.63
200510  -4.58  -3.44  -2.10  -3.74  -3.34  -4.24
200511  -0.14   0.23  -0.37   1.85   1.97   2.57
200512   3.66   3.72   4.04   4.32   5.71   5.06
200601   9.86   8.83   9.01   6.67   7.54   9.38
200602   2.02   2.19   2.90   0.52   1.28   3.10
200603   4.66   5.10   4.67   4.17   4.61   6.42
200604   7.51   6.53   7.82   6.63   5.81   5.80
200605  -3.84  -3.90  -2.22  -3.56  -3.57  -3.86
200606  -2.72  -2.02  -1.53   0.19   0.43   0.19
200607  -1.16  -0.57   0.08  -0.24   0.46   2.16
200608   2.76   2.37   3.46   3.16   4.20   3.09
200609   0.45  -0.20  -0.12   1.16   2.33   2.08
200610   1.86   2.51   3.29   4.53   4.41   5.15
200611   5.36   5.14   5.64   4.85   4.80   4.84
200612   3.68   3.94   2.77   3.43   4.66   5.15
200701   3.95   3.77   4.39   1.03   2.02   1.68
200702   0.75   1.09   2.10   0.66   0.24   0.35
200703   2.85   3.37   4.04   5.01   5.84   5.16
200704   5.05   6.05   5.69   4.71   5.51   6.19
200705  -0.24   0.65   1.93   1.51   1.58   0.52
200706  -0.13   1.00   2.00  -0.46  -1.03  -0.96
200707  -0.24   0.23   0.29  -0.77  -1.03  -1.70
200708  -5.29  -5.20  -3.94  -1.90  -2.15  -2.90
200709   2.44   1.98   2.24   4.72   3.12   2.95
200710   2.98   2.79   2.18   5.05   4.38   3.46
200711  -7.33  -7.72  -6.06  -5.08  -4.96  -6.62
200712  -3.87  -2.60  -3.14  -2.54  -2.21  -2.08
200801  -7.88  -7.97  -6.13  -9.14  -9.00  -9.72
200802   3.17   3.79   3.14   3.90   3.94   3.19
200803  -2.00  -1.86  -1.36   0.78   2.04   2.31
200804   1.23   2.11   1.26   3.22   2.56   3.07
200805   0.80   1.36   0.74   1.64   0.98  -0.10
200806  -7.38  -6.40  -4.78  -9.17 -10.35 -10.98
200807  -5.34  -5.84  -6.16  -3.83  -5.31  -3.98
200808  -6.08  -5.61  -5.49  -4.10  -3.38  -2.47
200809 -15.17 -16.41 -15.65 -16.43 -16.22 -16.15
200810 -25.39 -26.17 -25.49 -25.40 -24.79 -26.82
200811  -7.87  -8.07  -7.21  -6.11  -7.55  -8.53
200812  -0.02   1.42   2.05   7.41   7.54   7.50
200901  -2.31  -3.90  -2.72  -7.38  -8.46 -11.42
200902  -4.19  -4.24  -5.01  -5.83  -9.95 -11.55
200903   7.99   4.47   4.71   6.98   9.32  13.52
200904  16.75  19.27  19.70  17.64  19.39  25.89
200905  16.92  16.58  15.88  13.81  14.41  14.75
200906   0.29   1.38  -0.30  -0.54  -1.84  -2.37
200907   4.17   4.13   5.24   6.79   9.82  12.35
200908   4.26   6.49   9.63   3.74   6.04   9.92
200909   7.07   5.34   6.37   6.13   6.09   7.08
200910  -0.02   0.60   1.32  -1.61  -1.24  -3.72
200911   0.45   0.60  -0.34   3.70   2.97   1.43
200912  -2.69  -1.99  -2.97   2.07   0.30  -0.17
201001  -0.07  -0.43   0.05  -2.89  -3.62  -4.21
201002  -3.17  -2.16  -3.45  -1.30  -2.53  -3.12
201003   1.37   3.24   4.00   5.51   7.25   9.00
201004   1.57   0.88   1.33  -1.71  -0.03  -1.30
201005 -10.94 -10.75 -11.72 -10.77 -12.28 -14.56
201006  -0.83   1.07  -0.41   0.64  -0.68  -3.48
201007   7.61   8.75   9.60  10.94  11.68  14.69
201008  -4.35  -3.28  -2.89  -2.79  -4.29  -6.03
201009  12.08  12.04  10.06  12.01  13.44  12.47
201010   3.59   4.89   4.76   5.32   5.02   5.01
201011  -5.93  -6.25  -6.38  -5.75  -6.86 -10.39
201012   8.48   9.87   8.05   9.15  11.92  10.72
201101   6.22   6.08   6.73   1.00   2.32   6.49
201102   1.89   2.02   3.23   2.65   3.02   2.94
201103   1.22   1.24   0.46   1.93   1.92   0.13
201104   6.11   6.78   6.78   7.38   7.87   7.99
201105  -2.17  -1.76  -3.02  -2.28  -2.97  -4.49
201106  -4.13  -3.25  -2.89  -1.93  -3.09  -3.47
201107  -2.17  -1.11  -1.46  -2.73  -3.64  -7.40
201108  -8.29  -7.63  -7.46  -6.74  -9.58 -12.04
201109 -11.09 -11.40 -11.17 -12.61 -13.30 -13.18
201110   6.20   5.33   4.07  11.33  11.12   8.14
201111  -7.38  -7.07  -6.49  -2.53  -5.40  -8.82
201112  -2.03  -2.63  -3.61  -3.21  -3.17  -3.28
201201   8.28   9.69   9.01   8.90   8.59  12.86
201202   7.46   7.68   7.81   9.97   6.58   6.88
201203  -0.05   0.36   0.37   1.05   0.51  -1.25
201204  -2.14  -1.05  -2.78   0.89  -1.67  -5.62
201205 -11.97 -11.39 -11.59 -12.05 -13.55 -15.64
201206   1.05   2.12   2.78   5.38   5.71   9.91
201207  -1.89  -1.50  -1.81   1.91   1.08  -1.04
201208   3.74   5.19   4.54   3.83   3.70   6.85
201209   3.30   3.96   5.19   3.08   3.64   5.70
201210   0.35   0.31   0.78   0.96   1.27   2.33
201211  -0.53  -0.76  -0.55   2.54   1.34   0.43
201212   4.59   4.02   5.63   2.29   3.41   5.35
201301   7.38   7.04  10.07   3.53   6.02   8.71
201302  -2.35  -2.33  -3.18  -0.52  -1.06  -4.11
201303  -1.83  -2.09  -2.03   0.73  -0.80  -3.73
201304   0.89   1.43   2.13   2.30   3.14   7.14
201305   0.27   0.32   1.49   0.49   1.16   2.27
201306  -0.88  -1.81  -2.14  -3.27  -4.32  -6.68
201307   4.41   4.09   4.76   7.48   8.23   9.49
201308   3.78   3.05   4.25  -0.09  -1.36  -0.22
201309   7.63   6.93   7.18   5.67   7.30   7.98
201310   3.12   3.07   4.80   2.42   3.83   7.27
201311   2.81   2.17   2.16   0.88   1.26   1.59
201312   2.38   2.03   2.02   3.10   2.67   2.75
201401   2.36   2.15   3.04  -3.72  -2.48  -1.08
201402   6.44   6.86   6.29   7.71   7.69   8.43
201403  -2.19  -0.55   0.11  -1.00  -0.56   0.42
201404  -1.06   1.15   1.31   1.44   1.50   1.01
201405   0.04   0.14  -0.37   1.12   0.69   0.02
201406   0.82   1.43   0.05   0.43  -0.46  -1.34
201407  -3.15  -4.05  -3.03  -4.24  -5.14  -4.44
201408  -2.03  -1.65  -1.48   0.03  -0.60  -0.78
201409  -4.51  -4.77  -4.81  -4.89  -4.93  -4.45
201410  -5.54  -4.30  -6.10  -0.43  -2.77  -3.79
201411   0.04  -0.24  -0.84   2.76   2.49   1.75
201412  -3.44  -2.73  -4.10  -0.85  -3.13  -5.11
201501  -3.47  -2.76  -4.24   0.98  -0.58  -2.59
201502   5.24   5.88   5.33   5.64   6.98   9.35
201503  -1.87  -3.43  -2.62  -2.47  -2.52  -2.41
201504   6.42   6.98   7.70   5.28   6.00   5.47
201505   0.72   1.46   0.42   1.22  -0.35  -1.38
201506   1.27  -0.18  -0.37  -2.88  -2.64  -2.60
201507   1.63   0.71  -0.43   2.71   1.81   1.07
201508  -1.64  -1.90  -1.85  -4.61  -4.94  -5.94
201509  -1.65  -2.48  -2.37  -2.38  -3.68  -6.19
201510   2.99   3.10   1.53   5.33   6.24   6.31
201511  -1.23  -1.74  -3.82   0.37  -0.69  -3.40
201512   2.33   2.11   0.69  -1.24  -0.55  -2.92
201601  -5.95  -5.79  -3.98  -6.65  -5.95  -9.93
201602  -1.51  -1.03  -0.65  -0.55   0.13  -1.85
201603   7.73   7.51   8.48   7.80   8.07   9.45
201604   2.58   2.57   5.71   0.78   2.03   4.97
201605  -0.73  -0.99  -1.57   0.83  -0.22  -2.71
201606  -6.70  -6.71  -5.33  -5.08  -6.23  -9.08
201607   4.98   4.59   4.48   5.11   5.80   5.74
201608   3.35   2.76   3.04   0.21   1.58   2.06
201609   2.92   1.43   1.47   0.36   1.80   0.74
201610  -4.55  -3.69  -2.14  -5.76  -4.41   0.12
201611  -2.33  -2.15  -1.05  -3.39  -2.86  -1.83
201612   2.91   2.56   3.37   3.41   4.11   5.71
201701   7.31   6.28   8.26   3.70   3.38   4.15
201702  -0.59   0.40   0.33   1.67   1.41  -0.71
201703   2.53   2.36   2.85   4.25   4.25   4.29
201704   3.72   5.30   5.21   5.68   6.81   4.28
201705   3.46   5.46   5.04   4.97   5.02   4.90
201706   1.28   2.21   2.64  -1.40  -0.45   0.52
201707   4.44   3.73   5.04   3.03   3.86   4.89
201708  -0.50  -0.18   0.32   2.59   0.18  -0.08
201709   2.75   2.42   1.80   2.56   3.12   3.34
201710   0.14  -1.08  -0.42   0.50   1.12   0.30
201711  -0.74   0.18   1.00  -0.09  -0.20   0.90
201712   0.78   1.99   3.00   1.58   2.04   2.59
201801   9.04   7.87   8.46   6.06   5.53   6.73
201802  -4.75  -3.57  -4.17  -3.86  -4.29  -4.43
201803  -2.62  -1.58  -0.83  -1.27  -0.02  -1.38
201804  -0.20   0.46   0.94   1.82   1.45   2.42
201805  -1.56  -1.86  -2.00  -0.25  -1.25  -5.19
201806  -1.44  -1.27  -1.70   0.24  -1.47  -1.49
201807   0.68   0.96   0.86   2.70   1.56   3.90
201808  -1.02  -1.69  -0.90   0.20  -1.65  -2.92
201809  -0.29  -0.25  -0.59  -1.78  -0.67   1.29
201810 -11.14 -10.13  -8.07 -10.01  -8.81  -8.59
201811  -2.88  -2.51  -2.56  -2.70  -1.66  -1.53
201812  -5.77  -4.67  -2.92  -4.20  -4.33  -5.15
201901   7.40   6.44   6.13   8.93   7.35   6.70
201902   1.11  -0.36   1.05   3.76   2.56   2.65
201903  -1.52  -0.29  -1.06   1.40  -0.51  -1.45
201904   2.93   3.68   3.36   5.63   5.05   4.46
201905  -3.40  -4.05  -2.33  -5.06  -6.77  -6.53
201906   3.10   3.54   3.47   6.48   7.09   4.99
201907  -2.22  -2.62  -1.22  -1.67  -2.85  -2.83
201908  -3.65  -3.25  -2.22  -2.32  -1.95  -3.33
201909   1.27   1.14   0.61   0.47   2.66   4.16
201910   2.85   3.04   3.60   4.55   3.70   5.01
201911   3.69   2.48   1.78   3.63   2.46   1.76
201912   6.47   6.10   5.31   4.43   3.95   4.90
202001   1.20   1.03  -0.02  -0.89  -2.79  -3.58
202002  -9.30  -9.05  -7.29  -8.78  -8.74  -8.62
202003 -15.92 -18.04 -19.42 -12.90 -18.45 -22.93
202004  18.02  14.58  13.69  10.80   9.02   8.05
202005   8.01   6.35   4.68   9.16   6.12   3.62
202006   5.87   4.79   4.56   1.59   3.15   5.00
202007  11.36   9.10   6.21   6.85   5.70   2.85
202008   8.78   7.97   7.49   7.08   5.74   6.69
202009  -2.17  -2.29  -2.60  -1.00  -2.07  -4.98
202010  -3.84  -3.38  -1.80  -3.81  -4.72  -4.53
202011  13.39  17.02  18.27  11.48  17.60  23.51
202012  12.21   9.65   9.95   6.65   5.69   5.95
202101   3.52   2.62   3.10  -0.42  -0.36  -1.42
202102   4.57   4.61   6.77   0.98   1.36   6.40
202103   0.45   2.47   2.51   1.26   3.13   3.83
202104   7.14   6.93   7.12   7.35   4.64   3.59
202105   1.43   3.27   4.14   2.66   4.09   5.61
202106  -3.19  -2.46  -1.49   0.10  -2.25  -3.76
202107   1.12   1.41   0.43   4.21   2.63   1.53
202108   3.20   1.59   1.55   2.46   0.99   1.63
202109  -5.45  -4.26  -1.85  -6.14  -5.85  -3.44
202110   0.32   1.64   1.87   3.99   2.71   4.07
202111  -6.11  -5.59  -4.69  -3.13  -5.12  -5.61
202112   1.60   3.38   2.91   3.60   5.41   5.91
202201  -7.93  -5.69  -1.30 -12.44  -5.05  -0.60
202202  -7.25  -6.34  -3.14  -5.06  -3.46  -4.30
202203   0.57   0.66   1.77  -1.08  -1.66  -1.51
202204  -8.80  -7.00  -3.99  -8.56  -4.71  -6.10
202205  -2.49  -1.87   0.75  -0.58   1.40   3.20
202206 -10.55 -10.53  -8.74 -11.75 -11.80 -14.10
202207   2.70   2.76   1.14   9.63   5.14   1.60
202208  -6.10  -5.64  -2.71  -8.64  -7.21  -4.51
202209 -14.10 -13.73 -10.69 -12.22 -11.72  -9.74
202210   3.57   3.48   3.87   6.08   8.01   8.83
202211   9.59   8.19   7.67  12.30  12.97  11.89
202212   0.26  -0.06   1.08  -1.45  -0.20   0.98
202301   6.67   7.98   6.95   9.02   8.71  10.44
202302  -2.43  -2.63  -0.54  -1.49  -1.16   0.25
202303  -2.41  -2.26  -1.69   3.61   1.96  -3.62



  Average Value Weighted Returns -- Annual
           Small                 Big
       Low    2      High   Low    2      High
1991   3.25   3.37  -3.97  16.19   8.91   9.66
1992 -16.22 -18.93 -19.73  -8.01  -4.79  -7.13
1993  24.02  28.37  44.70  15.84  31.32  39.66
1994   6.69   9.50  16.43   2.01   1.15   5.62
1995  12.12   9.04   7.41  24.83  17.87  16.23
1996  17.69  18.91  21.47  20.31  24.08  20.55
1997   2.61   8.27  16.84  18.01  21.37  28.81
1998  12.16   4.17  16.55  29.92  25.86  23.62
1999  49.96  25.67  18.24  22.03  17.83   7.22
2000 -30.43 -12.40   2.08 -24.33   1.78  -1.37
2001 -39.46 -17.33  -3.19 -30.41 -16.36 -14.45
2002 -25.62  -7.02  10.78 -19.69 -12.98 -12.94
2003  49.29  57.05  66.59  31.92  43.79  55.14
2004  24.54  33.67  37.41  17.00  26.29  26.50
2005  11.00  18.01  23.67   8.71  11.43  14.93
2006  40.88  42.08  49.25  30.40  34.93  44.18
2007   1.67   8.78   8.02  18.16  16.40  11.69
2008 -53.78 -49.86 -50.55 -39.95 -45.09 -49.76
2009  54.86  43.62  49.42  32.62  31.13  41.17
2010  15.81  20.29   9.44  10.82   4.99  -0.04
2011 -14.89 -18.74 -24.22  -4.22 -11.29 -20.66
2012  24.31  22.02  22.39  21.83  15.71  27.55
2013  31.61  34.55  41.13  21.48  27.41  32.66
2014  -8.84  -6.69  -9.78  -1.42  -5.73 -11.06
2015  17.08  10.83  -0.74   4.61   1.91 -11.07
2016  -2.54   3.33   9.92  -6.53   1.76   3.17
2017  32.49  36.63  35.72  25.95  30.99  28.74
2018 -18.26 -18.22 -17.92  -9.42 -15.72 -16.44
2019  28.37  19.31  22.20  33.61  23.59  16.23
2020  43.30  19.36   5.46  17.76  10.39  -4.61
2021   8.27  17.09  20.42  21.96  10.44  19.74
2022 -35.73 -25.14 -11.55 -22.86 -13.79  -8.74



  Average Equal Weighted Returns -- Annual
           Small                 Big
       Low    2      High   Low    2      High
1991   3.24   5.84   1.61   7.13   3.49   6.75
1992 -18.67 -19.69 -18.07 -12.61 -10.74 -13.71
1993  32.43  37.09  59.19  23.84  33.05  45.90
1994   8.24  12.33  26.46   5.04   6.21   9.81
1995  11.38   8.46  10.83  15.02  13.10   7.08
1996  13.97  16.11  23.49  19.34  20.10  21.32
1997   2.31   6.85  13.56   8.83  13.31  26.04
1998   7.45   4.86  18.23  19.30  22.36  22.42
1999  51.28  38.71  33.06  24.56   9.48  11.34
2000 -27.03  -6.73   4.02 -19.50   4.33   6.48
2001 -36.00 -19.02  -4.97 -28.41 -12.09  -7.69
2002 -26.63 -16.58   6.49 -22.64  -2.42  -1.04
2003  57.75  64.84  77.07  50.23  51.66  67.13
2004  17.07  26.98  33.42  25.61  30.96  31.13
2005   4.51  13.31  19.61   8.93  20.32  16.62
2006  33.90  33.41  41.33  35.78  43.20  52.44
2007   0.10   4.65  11.59  11.93  11.23   5.43
2008 -54.37 -53.55 -51.04 -47.44 -48.64 -50.63
2009  57.25  57.01  60.91  52.14  52.26  61.72
2010   7.31  16.54  11.11  16.81  16.48   3.96
2011 -16.18 -14.25 -15.42  -9.45 -16.21 -26.30
2012  11.13  18.41  19.11  30.72  20.51  26.14
2013  30.66  26.03  35.39  24.70  28.45  35.55
2014 -12.08  -6.92 -10.09  -2.25  -8.06  -9.65
2015  10.74   7.36  -0.71   7.54   4.30  -6.37
2016   1.58   0.06  11.47  -3.92   2.75   1.48
2017  27.16  32.90  40.81  32.93  34.86  33.35
2018 -20.86 -17.59 -13.40 -13.09 -15.16 -16.07
2019  18.76  16.30  19.62  33.60  24.09  21.35
2020  51.01  37.22  31.96  25.33  11.91   3.99
2021   8.02  15.94  24.02  17.49  11.15  18.86
2022 -35.60 -32.06 -14.68 -31.91 -19.41 -16.01



  Number of Firms in Portfolios
              Small                 Big
          Low    2      High   Low    2      High
199007    481    779    958    286    380    284
199008    481    776    955    286    380    284
199009    480    776    955    286    380    284
199010    479    776    955    285    379    284
199011    478    776    954    285    378    283
199012    477    772    951    285    378    283
199101    475    769    947    284    378    281
199102    473    767    942    284    378    280
199103    472    764    942    284    378    280
199104    470    763    938    284    377    279
199105    469    760    931    284    377    279
199106    469    757    927    283    377    279
199107    446    835   1278    288    385    290
199108    445    834   1276    288    381    289
199109    440    834   1271    288    379    288
199110    439    832   1262    288    379    288
199111    437    831   1254    287    379    287
199112    436    827   1249    287    379    287
199201    434    822   1248    286    378    286
199202    433    820   1241    286    378    286
199203    433    818   1233    286    378    285
199204    433    817   1230    285    377    285
199205    432    814   1224    284    377    285
199206    431    813   1219    283    377    285
199207    496    828   1440    293    388    293
199208    495    828   1439    293    387    291
199209    495    825   1435    293    386    291
199210    492    822   1431    293    386    290
199211    492    822   1429    293    386    290
199212    491    822   1424    293    386    290
199301    486    818   1422    292    385    288
199302    486    817   1418    292    385    288
199303    485    816   1416    292    385    288
199304    485    815   1413    292    385    287
199305    481    813   1404    291    385    286
199306    481    812   1402    289    385    284
199307    450    868   1807    290    388    290
199308    450    864   1803    290    388    290
199309    447    861   1801    290    388    290
199310    447    861   1800    290    388    289
199311    446    861   1796    288    388    288
199312    446    861   1792    288    388    288
199401    446    861   1790    287    388    288
199402    445    861   1786    287    388    287
199403    445    859   1784    287    388    286
199404    445    857   1781    285    387    285
199405    444    857   1770    284    387    284
199406    443    857   1765    282    387    283
199407    577    824   1761    329    439    329
199408    577    823   1759    329    439    329
199409    575    823   1755    329    437    329
199410    573    822   1754    329    436    329
199411    570    822   1746    329    435    329
199412    570    820   1745    329    435    328
199501    567    818   1743    328    432    325
199502    565    815   1739    328    432    325
199503    565    814   1736    328    432    325
199504    565    813   1726    327    430    325
199505    563    810   1725    326    430    325
199506    562    806   1718    326    430    325
199507    758   1108   1703    329    440    328
199508    756   1106   1692    327    439    328
199509    755   1105   1687    325    439    328
199510    755   1103   1684    324    439    328
199511    753   1101   1673    324    437    326
199512    751   1096   1667    323    435    325
199601    746   1092   1652    320    433    324
199602    742   1091   1643    319    428    323
199603    742   1091   1635    318    427    322
199604    737   1091   1628    318    426    321
199605    735   1088   1620    317    423    319
199606    733   1085   1617    316    422    318
199607    736   1141   1876    314    424    318
199608    735   1139   1873    312    421    318
199609    732   1133   1860    310    418    317
199610    727   1131   1851    309    416    315
199611    723   1129   1843    308    415    314
199612    721   1122   1837    308    413    314
199701    719   1117   1825    307    410    314
199702    716   1112   1819    307    409    312
199703    714   1111   1808    307    409    312
199704    712   1106   1801    307    408    312
199705    707   1104   1794    303    405    312
199706    705   1100   1784    301    405    312
199707    875   1162   2075    291    387    291
199708    873   1157   2064    291    387    290
199709    871   1154   2057    290    387    290
199710    867   1151   2046    290    387    290
199711    866   1141   2028    289    387    289
199712    863   1136   2018    289    387    289
199801    860   1128   2000    288    384    289
199802    859   1125   1994    286    384    288
199803    855   1121   1979    285    381    286
199804    847   1115   1965    283    381    286
199805    845   1107   1957    282    380    286
199806    841   1100   1947    282    378    285
199807   1012   1096   2341    270    360    270
199808   1008   1092   2321    270    360    269
199809   1003   1085   2305    269    359    266
199810   1001   1081   2290    268    357    264
199811    996   1077   2273    268    354    263
199812    988   1072   2251    266    352    260
199901    982   1065   2219    264    346    255
199902    978   1056   2213    263    345    254
199903    976   1048   2203    261    343    253
199904    972   1044   2184    261    341    252
199905    967   1041   2170    260    340    249
199906    961   1036   2158    258    340    247
199907    792   1156   2732    242    322    242
199908    788   1147   2704    241    320    237
199909    785   1141   2685    240    319    235
199910    779   1136   2652    240    318    233
199911    776   1128   2630    240    318    233
199912    772   1119   2602    240    315    233
200001    771   1110   2572    238    312    231
200002    766   1105   2556    237    310    230
200003    765   1098   2529    237    309    229
200004    760   1088   2512    237    306    228
200005    755   1083   2498    236    303    226
200006    751   1079   2478    234    302    224
200007    935   1272   2633    238    320    239
200008    930   1267   2616    236    317    235
200009    926   1261   2597    235    316    232
200010    920   1254   2573    233    311    231
200011    919   1247   2550    232    309    227
200012    917   1241   2529    232    307    226
200101    913   1234   2511    230    304    224
200102    911   1226   2500    230    304    222
200103    911   1223   2476    230    304    220
200104    909   1212   2458    228    304    218
200105    907   1210   2446    228    302    215
200106    905   1209   2428    226    302    215
200107   1046   1479   2775    220    294    220
200108   1042   1468   2754    220    292    220
200109   1041   1464   2739    220    292    220
200110   1036   1457   2717    220    290    219
200111   1035   1450   2699    218    288    218
200112   1034   1444   2677    218    287    218
200201   1028   1427   2661    216    286    218
200202   1024   1422   2642    216    286    217
200203   1019   1417   2625    216    282    217
200204   1016   1409   2613    216    282    217
200205   1012   1407   2603    216    281    217
200206   1010   1402   2587    216    281    216
200207    971   1412   2857    218    286    217
200208    964   1401   2829    216    285    216
200209    957   1386   2808    214    283    213
200210    953   1375   2784    213    283    212
200211    950   1361   2765    211    283    211
200212    947   1359   2758    209    282    210
200301    941   1352   2734    207    280    208
200302    928   1348   2717    206    279    207
200303    924   1345   2696    206    278    207
200304    919   1339   2678    206    278    202
200305    913   1329   2667    205    278    201
200306    907   1324   2645    199    278    200
200307    826   1383   2702    209    277    209
200308    820   1373   2682    208    276    209
200309    814   1366   2667    206    275    208
200310    812   1364   2650    206    273    208
200311    803   1359   2628    206    273    207
200312    797   1357   2614    205    272    207
200401    787   1345   2595    203    270    206
200402    783   1335   2585    201    268    206
200403    781   1330   2574    199    268    205
200404    778   1327   2560    199    267    203
200405    775   1321   2552    198    265    203
200406    772   1316   2542    198    262    202
200407   1057   1350   2269    217    290    217
200408   1048   1343   2255    214    288    217
200409   1042   1337   2247    214    284    216
200410   1040   1331   2234    214    284    216
200411   1038   1327   2222    214    281    216
200412   1032   1315   2177    214    279    215
200501   1032   1316   2178    214    279    215
200502   1031   1311   2167    214    278    213
200503   1027   1306   2156    214    277    212
200504   1026   1305   2148    214    277    210
200505   1021   1303   2140    214    276    209
200506   1014   1296   2125    213    272    208
200507   1115   1428   2180    230    306    230
200508   1105   1426   2167    228    304    229
200509   1101   1420   2159    228    304    229
200510   1097   1412   2149    227    304    228
200511   1094   1408   2136    227    304    228
200512   1090   1396   2124    226    304    227
200601   1080   1391   2110    222    303    225
200602   1076   1385   2100    222    300    225
200603   1074   1378   2088    220    300    224
200604   1071   1374   2071    220    298    223
200605   1070   1367   2067    220    297    223
200606   1063   1364   2061    220    297    222
200607   1225   1355   2377    245    327    246
200608   1216   1343   2367    244    325    242
200609   1211   1333   2358    244    323    241
200610   1207   1323   2339    244    321    238
200611   1188   1316   2316    243    320    238
200612   1184   1308   2306    243    317    238
200701   1177   1299   2291    241    314    237
200702   1176   1292   2276    239    313    237
200703   1165   1286   2266    238    313    237
200704   1155   1281   2256    237    313    236
200705   1149   1279   2246    235    313    233
200706   1140   1271   2229    234    313    233
200707   1286   1279   2668    260    346    258
200708   1282   1277   2654    260    343    256
200709   1278   1272   2637    258    343    255
200710   1273   1269   2623    256    343    254
200711   1265   1257   2606    256    343    253
200712   1256   1251   2594    255    342    251
200801   1252   1242   2580    252    341    251
200802   1248   1236   2568    252    341    250
200803   1239   1229   2556    251    337    249
200804   1234   1221   2546    250    337    249
200805   1229   1217   2533    250    335    246
200806   1224   1212   2510    248    334    243
200807   1032   1601   2792    236    316    236
200808   1029   1592   2776    235    315    235
200809   1020   1586   2763    235    314    234
200810   1017   1579   2746    235    311    233
200811   1015   1573   2722    235    309    232
200812   1008   1571   2709    235    309    232
200901    997   1552   2680    235    307    232
200902    993   1545   2671    235    307    230
200903    989   1536   2650    231    307    227
200904    984   1525   2623    230    307    227
200905    979   1518   2608    230    306    227
200906    975   1513   2590    230    305    227
200907    887   1384   2854    212    281    212
200908    881   1379   2836    212    281    212
200909    874   1375   2823    211    281    212
200910    872   1371   2809    208    279    212
200911    864   1364   2790    208    277    212
200912    861   1357   2779    207    277    211
201001    853   1348   2755    206    276    211
201002    850   1344   2738    206    276    211
201003    846   1341   2726    206    276    211
201004    842   1335   2711    205    275    211
201005    841   1330   2699    204    274    210
201006    838   1324   2689    204    273    209
201007    915   1332   2554    211    280    211
201008    909   1326   2532    210    279    211
201009    907   1319   2521    210    278    211
201010    902   1315   2510    210    276    211
201011    897   1311   2496    210    275    211
201012    891   1305   2480    209    275    211
201101    886   1299   2464    209    274    211
201102    879   1296   2454    208    272    210
201103    878   1292   2444    208    272    210
201104    874   1286   2427    207    272    210
201105    870   1275   2412    207    272    210
201106    867   1267   2407    207    271    209
201107    938   1474   2315    208    276    206
201108    932   1467   2305    208    276    205
201109    929   1463   2296    208    275    204
201110    925   1459   2280    208    275    204
201111    921   1450   2271    207    273    204
201112    918   1440   2257    207    273    204
201201    915   1429   2246    207    273    203
201202    910   1420   2232    207    273    203
201203    904   1408   2215    207    273    203
201204    901   1398   2196    206    273    202
201205    900   1395   2188    206    272    202
201206    898   1391   2177    206    272    202
201207    819   1429   2284    185    261    196
201208    814   1424   2274    185    260    196
201209    809   1416   2263    185    259    195
201210    806   1414   2250    184    259    195
201211    802   1407   2242    184    259    195
201212    802   1401   2220    184    259    195
201301    796   1390   2201    183    259    195
201302    795   1388   2189    183    259    195
201303    794   1383   2184    183    259    195
201304    789   1374   2174    181    259    194
201305    787   1370   2166    181    259    193
201306    785   1362   2150    181    259    191
201307    823   1299   2197    191    254    191
201308    822   1293   2185    191    253    190
201309    818   1291   2176    191    253    189
201310    816   1289   2168    191    252    189
201311    813   1285   2159    190    252    189
201312    811   1282   2150    190    252    188
201401    807   1280   2141    188    252    187
201402    805   1275   2125    187    252    187
201403    802   1271   2124    187    252    187
201404    795   1262   2116    187    252    187
201405    791   1256   2109    187    252    187
201406    789   1250   2101    187    252    186
201407    834   1326   2081    207    276    207
201408    829   1317   2073    207    276    206
201409    827   1312   2062    206    276    206
201410    826   1309   2053    206    275    206
201411    821   1304   2045    206    275    205
201412    820   1299   2035    206    275    205
201501    816   1294   2022    205    274    205
201502    809   1292   2011    205    274    205
201503    805   1282   2003    205    274    205
201504    800   1274   1992    205    274    205
201505    796   1263   1981    205    272    202
201506    793   1259   1973    205    272    202
201507    826   1306   2162    211    280    211
201508    823   1302   2153    211    280    210
201509    823   1296   2143    209    280    210
201510    819   1293   2134    208    280    208
201511    815   1289   2116    208    280    207
201512    810   1284   2110    207    280    207
201601    807   1276   2097    206    279    206
201602    806   1273   2079    205    279    206
201603    804   1266   2061    204    277    205
201604    801   1260   2047    204    277    204
201605    799   1257   2036    204    276    204
201606    797   1253   2031    203    275    204
201607    884   1207   2190    217    287    217
201608    880   1198   2182    217    286    216
201609    877   1194   2175    217    286    216
201610    874   1190   2161    216    286    216
201611    867   1185   2155    215    286    215
201612    864   1180   2150    215    285    215
201701    857   1173   2134    215    284    215
201702    855   1168   2121    215    284    214
201703    852   1163   2114    215    284    214
201704    849   1161   2109    215    283    214
201705    848   1159   2104    215    283    214
201706    847   1154   2096    215    283    214
201707   1040   1218   2030    230    307    230
201708   1037   1213   2016    229    307    228
201709   1034   1210   2002    229    306    227
201710   1033   1206   1994    229    305    227
201711   1032   1199   1984    229    304    227
201712   1031   1197   1972    228    304    227
201801   1029   1195   1965    228    302    227
201802   1024   1192   1953    226    302    226
201803   1021   1187   1947    226    301    226
201804   1019   1187   1943    225    300    225
201805   1015   1183   1936    225    300    225
201806   1012   1180   1928    225    299    225
201807   1051   1434   1914    230    308    230
201808   1050   1429   1908    229    308    230
201809   1046   1425   1903    228    308    230
201810   1044   1423   1896    226    308    230
201811   1040   1417   1886    226    308    230
201812   1036   1413   1879    224    307    229
201901   1036   1409   1861    224    307    229
201902   1034   1406   1859    224    305    228
201903   1030   1400   1854    224    305    228
201904   1028   1395   1849    223    303    228
201905   1023   1388   1838    222    302    228
201906   1016   1383   1826    222    301    228
201907    972   1562   1896    217    287    217
201908    966   1561   1885    217    286    217
201909    963   1556   1876    217    285    217
201910    959   1552   1868    216    285    217
201911    958   1544   1860    216    285    216
201912    957   1540   1854    216    284    216
202001    952   1532   1841    216    283    216
202002    950   1518   1828    215    282    215
202003    945   1513   1819    213    282    215
202004    942   1510   1806    212    282    215
202005    939   1507   1799    212    282    214
202006    935   1505   1788    212    282    214
202007    802   1489   2116    209    278    209
202008    801   1485   2104    209    278    209
202009    798   1484   2096    209    278    209
202010    794   1483   2089    208    278    209
202011    791   1479   2078    208    278    208
202012    790   1473   2066    205    277    206
202101    789   1467   2059    205    277    206
202102    788   1463   2048    204    277    205
202103    787   1461   2042    204    277    205
202104    784   1454   2038    204    277    204
202105    782   1451   2032    202    276    204
202106    781   1445   2027    203    276    203
202107    943   1580   1873    230    308    230
202108    942   1576   1859    230    308    229
202109    939   1565   1847    230    306    227
202110    939   1560   1838    230    306    227
202111    935   1555   1832    230    305    226
202112    933   1549   1825    230    305    226
202201    929   1544   1817    230    305    226
202202    926   1538   1811    229    303    224
202203    923   1531   1802    229    302    224
202204    920   1526   1795    229    302    224
202205    918   1522   1786    229    302    224
202206    915   1515   1781    227    302    224
202207   1156   1802   1741    223    298    224
202208   1152   1795   1736    223    297    224
202209   1149   1786   1733    222    296    224
202210   1147   1777   1726    221    295    224
202211   1146   1773   1719    221    294    224
202212   1142   1762   1711    221    293    223
202301   1133   1755   1706    221    291    223
202302   1131   1751   1694    220    290    223
202303   1129   1744   1690    219    289    223



  Average Firm Size
                       Small                                Big
              Low         2           High        Low         2           High
199007      106.35      105.46       72.38     2169.23     2383.85     2332.58
199008      112.62      110.70       75.37     2297.99     2483.50     2421.53
199009      101.10       99.34       67.19     2052.83     2220.89     2168.64
199010       90.94       89.40       60.24     1789.22     1958.51     1913.26
199011       94.57       94.16       62.70     1928.97     2121.94     2022.66
199012       92.44       91.39       61.08     1921.10     2135.65     2034.10
199101       92.11       91.36       60.98     1895.93     2106.80     2014.38
199102       90.24       89.89       59.81     1943.06     2143.17     2070.22
199103       97.90       98.29       65.29     2097.42     2294.06     2241.65
199104       93.73       93.55       62.38     1958.39     2139.37     2094.51
199105       92.85       92.68       61.56     1942.45     2125.75     2077.69
199106       90.49       90.88       60.02     1962.30     2146.56     2088.69
199107      103.30       89.87       58.42     2006.66     2175.96     1768.43
199108      105.87       92.02       59.80     2125.89     2316.63     1848.08
199109      107.90       93.46       60.04     2158.78     2360.06     1888.84
199110      112.93       98.95       62.95     2225.68     2420.37     1955.09
199111      110.11       96.29       60.55     2195.12     2357.96     1906.89
199112      108.98       95.67       59.00     2180.62     2291.10     1856.80
199201      113.15       97.83       60.69     2375.30     2438.84     1961.61
199202      111.39       97.28       60.39     2350.65     2438.39     1979.10
199203      111.29       96.78       60.18     2339.11     2424.22     1994.57
199204      107.60       93.38       58.53     2253.12     2347.08     1920.36
199205      111.68       97.74       60.62     2364.66     2483.10     2007.08
199206      116.60      102.30       64.53     2478.37     2595.56     2100.59
199207      120.07       99.07       69.78     2639.26     2675.13     2009.43
199208      114.06       93.74       65.42     2549.57     2569.68     1898.24
199209      111.72       92.05       64.13     2535.54     2570.22     1870.90
199210      107.06       86.24       59.60     2473.82     2519.87     1788.90
199211       96.40       77.15       54.72     2309.87     2291.21     1683.82
199212       93.26       74.65       53.27     2296.92     2297.50     1670.72
199301       96.59       76.51       52.70     2307.90     2333.54     1704.06
199302      100.51       79.72       54.90     2269.81     2328.04     1778.19
199303      100.60       79.77       55.69     2262.22     2380.46     1813.80
199304      107.41       84.49       59.75     2352.60     2522.15     1920.96
199305      113.53       87.88       64.10     2389.56     2542.65     1972.48
199306      113.86       88.23       65.26     2403.33     2553.02     1995.64
199307      103.06       93.49       60.36     2763.23     2595.17     1746.53
199308      101.65       93.44       61.43     2763.36     2624.90     1789.65
199309      110.46      101.46       68.34     2985.14     2840.35     1972.19
199310      110.33      102.13       68.43     2943.18     2844.11     1948.05
199311      109.75      103.17       69.63     3015.65     2941.35     1990.42
199312      108.14      101.81       68.43     2982.48     2871.72     1916.27
199401      112.24      106.59       73.03     3168.48     3102.21     2075.34
199402      123.40      117.53       83.54     3308.29     3246.19     2259.39
199403      123.02      118.39       84.24     3177.86     3110.81     2195.22
199404      120.28      116.62       83.53     3083.10     2988.94     2170.39
199405      123.85      119.82       86.96     3207.24     3095.60     2279.41
199406      118.93      116.37       85.13     3064.51     2961.16     2179.89
199407      115.57      102.08       72.72     2565.55     2915.49     2130.80
199408      116.99      104.30       74.12     2662.75     3081.12     2239.93
199409      120.15      106.11       74.38     2750.03     3176.57     2238.75
199410      118.96      104.96       74.07     2659.00     3043.71     2169.62
199411      119.71      106.11       74.99     2767.12     3196.36     2240.29
199412      113.80      101.14       71.73     2644.83     3060.89     2153.60
199501      113.70      101.04       72.06     2669.58     3057.52     2156.62
199502      113.11      101.90       72.64     2632.03     3006.63     2139.08
199503      114.51      103.53       73.95     2724.37     3065.60     2172.94
199504      118.22      105.46       74.78     2871.26     3189.54     2223.62
199505      120.35      107.21       75.59     2957.02     3274.19     2305.09
199506      122.75      109.08       76.54     3014.03     3308.31     2363.93
199507      119.24      109.79       77.48     3016.71     3579.30     2444.68
199508      123.85      112.46       78.95     3139.39     3744.20     2537.54
199509      121.40      109.20       76.34     3077.13     3599.36     2391.61
199510      125.11      111.24       77.40     3189.07     3686.84     2433.03
199511      123.64      109.68       75.88     3169.61     3686.97     2432.33
199512      119.50      106.20       73.64     3164.96     3699.78     2453.00
199601      120.75      107.16       74.94     3237.32     3799.32     2530.01
199602      121.20      108.07       75.75     3257.62     3832.84     2545.60
199603      125.56      111.33       78.62     3331.00     3917.99     2607.98
199604      126.94      112.77       80.07     3354.83     3963.77     2638.72
199605      128.54      114.67       81.11     3358.30     4024.17     2668.94
199606      133.20      117.53       83.54     3425.68     4070.10     2654.64
199607      136.65      117.84       89.02     4310.02     4088.79     2429.18
199608      132.36      115.89       87.75     4256.20     4022.46     2387.78
199609      135.17      118.15       88.70     4403.12     4127.64     2423.50
199610      133.14      117.44       87.81     4456.41     4238.85     2459.20
199611      136.96      120.47       89.80     4557.01     4338.57     2476.63
199612      140.22      122.97       92.11     4748.06     4552.33     2628.13
199701      142.84      125.36       94.74     4855.49     4585.73     2699.58
199702      143.21      126.82       96.15     4815.08     4589.93     2745.77
199703      145.48      128.94       97.63     4864.92     4627.85     2772.03
199704      146.03      131.12       99.57     4968.17     4722.75     2851.32
199705      142.87      128.15       98.01     4985.31     4742.33     2811.53
199706      145.59      133.03      101.53     5208.72     4954.50     2919.20
199707      156.98      146.55       99.76     6102.18     5920.96     2906.96
199708      152.50      143.82       99.45     6352.09     6146.62     2958.54
199709      154.61      143.59       99.25     6021.84     5767.29     2798.81
199710      161.57      151.00      107.07     6546.62     6310.11     3114.66
199711      161.09      148.92      106.78     6229.94     5964.35     3014.46
199712      158.41      146.73      104.73     6305.58     6064.44     3023.89
199801      156.23      144.91      104.79     6424.13     6238.06     3167.37
199802      159.72      145.38      109.31     6734.83     6390.25     3265.35
199803      168.58      154.02      116.94     7277.50     6919.40     3551.10
199804      183.03      164.43      128.99     7574.17     7454.81     3923.76
199805      192.12      170.02      132.98     7742.19     7648.45     4017.94
199806      202.56      176.32      138.91     7815.49     7807.53     4168.57
199807      204.01      186.13      128.88     8531.14     9021.38     4614.40
199808      202.48      183.96      126.38     8688.96     9148.56     4822.26
199809      179.43      162.77      113.86     7899.54     8033.98     4039.69
199810      169.95      155.74      109.22     7596.89     7701.40     3664.53
199811      172.16      158.21      111.30     8155.92     8310.50     3942.14
199812      176.00      160.87      113.35     8528.47     8758.95     4208.97
199901      176.12      161.04      112.91     8948.25     8900.24     4276.23
199902      178.48      158.08      111.38     9004.01     8870.85     4220.50
199903      181.01      157.00      110.93     8788.50     8773.57     4073.81
199904      181.06      156.64      112.01     8756.23     8834.18     4119.96
199905      186.35      162.18      115.71     8571.07     9294.26     4262.70
199906      185.13      162.25      115.94     8263.02     8854.11     4056.17
199907      210.79      189.74      129.10    10843.06     9869.20     4549.62
199908      219.76      198.53      133.40    10973.27     9959.07     4683.30
199909      234.95      208.64      138.12    11073.45    10095.82     4776.77
199910      241.31      211.84      138.19    11076.79    10006.78     4754.02
199911      246.66      216.50      136.88    11594.81    10194.45     4742.80
199912      270.90      218.77      134.93    12191.20    10356.32     4636.53
200001      295.74      226.32      138.05    13717.67    11271.58     5116.78
200002      313.07      223.69      134.54    12906.59    10293.59     4529.28
200003      355.51      237.32      134.49    13829.87    10975.41     4598.45
200004      333.07      228.36      133.43    13880.83    11406.69     4632.61
200005      286.61      207.19      124.75    13241.70    10779.28     4522.26
200006      278.48      210.42      128.32    12972.05    11015.89     4606.19
200007      250.62      211.12      143.50    12738.21    12510.33     5895.92
200008      243.62      208.53      141.65    12335.83    12549.60     6024.34
200009      241.32      205.69      142.08    12176.22    12551.19     5874.04
200010      232.89      200.83      139.62    11383.83    12287.80     5661.27
200011      202.26      186.82      134.23    10991.47    12205.81     5771.10
200012      175.18      180.67      135.47    10016.67    12126.15     5699.69
200101      184.81      192.10      145.32     9662.86    13149.52     6087.92
200102      185.84      196.63      150.22     9734.91    13277.52     6069.03
200103      169.24      188.24      148.79     8148.55    12561.97     5695.08
200104      146.76      171.41      137.52     7225.56    11502.21     5334.35
200105      151.99      178.66      143.00     8166.83    12243.82     5592.75
200106      143.52      174.42      141.18     7531.46    11762.23     5315.34
200107      181.10      159.24      115.24    10199.19    11478.88     5481.43
200108      169.32      154.40      115.27    10162.11    11483.72     5491.53
200109      164.73      154.04      117.60     9689.53    11393.20     5415.66
200110      130.81      128.56      103.33     8814.73     9984.34     4724.68
200111      142.34      133.51      105.17     9250.30    10273.47     4930.87
200112      154.28      142.14      109.58     9693.07    10542.62     5259.64
200201      153.93      142.32      110.63     9904.46    10764.95     5402.93
200202      147.23      138.74      110.53     9347.43    10330.20     5110.58
200203      143.59      138.74      113.78     9435.43    10453.06     5069.39
200204      148.94      144.85      118.40     9776.41    11090.14     5278.44
200205      146.80      147.25      124.40     9438.84    11210.54     5248.68
200206      145.68      150.99      128.90     9165.05    11301.41     5345.58
200207      164.61      157.08      110.93    10728.92     9920.02     5722.35
200208      146.70      143.49      103.47     9615.80     8746.85     5155.56
200209      141.02      142.18      102.22     9617.06     8796.99     4764.24
200210      121.88      125.32       93.51     8795.94     7383.90     3969.65
200211      125.41      127.18       95.68     9599.83     8192.84     4300.74
200212      132.01      133.51       99.37     9866.94     8735.29     4665.75
200301      126.67      134.46      101.72     9641.40     8483.26     4551.56
200302      122.16      132.09      101.79     9275.54     8163.85     4483.93
200303      116.66      128.02       99.29     8851.78     7947.76     4345.00
200304      115.18      127.41       98.43     8752.93     7761.86     4302.22
200305      128.58      142.17      108.10     9816.43     8792.02     4860.94
200306      140.72      155.94      117.95    10614.98     9363.28     5278.87
200307      155.75      177.49      102.74    11010.29     8644.36     5666.76
200308      158.56      180.59      106.39    10913.44     8941.55     5873.98
200309      162.93      184.71      110.71    10791.63     8799.02     5901.11
200310      170.07      194.14      116.94    11142.01     8996.09     6029.35
200311      178.01      204.92      125.34    11600.88     9607.24     6602.79
200312      184.16      215.03      131.25    12201.49    10030.94     6911.46
200401      194.64      227.01      139.20    13194.62    10865.41     7453.16
200402      203.78      239.85      149.73    13492.15    11122.60     7682.23
200403      210.48      249.82      156.85    13979.62    11499.87     7898.81
200404      203.24      242.64      153.03    13455.68    11191.76     7551.03
200405      196.04      239.02      149.70    13230.28    10855.15     7496.92
200406      193.08      239.53      148.85    13435.45    11040.03     7518.16
200407      185.79      219.49      137.28    12772.00    10941.91     7180.95
200408      179.42      212.08      133.34    12297.56    10742.24     6917.98
200409      176.59      211.40      134.70    12253.66    10916.97     6991.07
200410      182.88      220.76      141.06    12617.39    11427.60     7297.54
200411      190.14      229.81      147.15    13044.61    11980.34     7675.79
200412      206.09      251.27      162.08    13818.42    12757.38     8316.18
200501      213.93      264.20      169.61    14388.86    13302.93     8555.47
200502      216.39      269.67      174.15    14040.81    13198.70     8622.80
200503      227.90      283.52      184.83    14602.31    13850.95     9080.36
200504      220.55      276.17      180.60    14267.82    13420.12     8823.77
200505      212.39      268.83      175.62    14037.52    12969.61     8462.13
200506      205.65      265.10      173.51    14062.02    13016.51     8525.24
200507      225.46      238.83      149.46    12474.21    12570.43     7790.59
200508      234.11      250.00      155.92    12755.38    12815.25     8213.89
200509      244.52      260.36      161.09    12951.13    13020.94     8411.77
200510      247.49      264.11      162.56    12962.68    13196.85     8605.98
200511      237.23      252.29      156.84    12659.58    12654.42     8433.62
200512      239.85      253.70      159.83    12769.03    12896.81     8589.11
200601      245.34      265.69      166.84    13329.56    13519.16     8975.48
200602      266.38      287.42      182.03    14009.46    14543.83     9664.92
200603      272.52      296.61      187.48    14045.99    14614.40     9846.81
200604      283.62      309.76      198.46    14566.88    15167.46    10257.48
200605      304.55      330.63      212.22    15367.87    15829.31    10739.41
200606      293.61      315.16      202.07    14827.88    15180.98    10264.46
200607      259.85      279.06      181.39    10891.19    15493.92    12193.36
200608      255.54      276.28      181.84    10738.75    15787.68    12461.92
200609      262.76      281.51      188.19    11062.33    16248.37    12862.83
200610      267.29      282.72      190.16    11065.79    16438.56    13202.81
200611      279.46      296.23      201.07    11470.04    17047.27    13857.53
200612      295.52      315.18      214.49    11810.15    17838.60    14362.85
200701      309.72      327.90      224.03    12188.35    18599.27    15050.09
200702      315.24      339.34      230.14    12373.54    18572.01    15244.88
200703      318.60      344.96      232.36    12414.08    18462.65    15215.39
200704      328.77      360.16      244.46    12892.33    19299.83    15640.50
200705      345.71      379.89      258.14    13528.12    20362.28    16706.88
200706      345.62      383.98      260.17    13619.57    20661.60    16852.18
200707      348.38      345.98      221.00    13290.50    16192.57    19591.87
200708      343.16      345.44      220.67    13092.41    15768.63    19145.15
200709      327.14      327.85      212.78    13042.38    15475.31    18786.71
200710      334.60      333.10      215.59    13947.68    16224.59    19783.76
200711      352.83      349.83      223.77    14572.18    17005.11    20677.07
200712      323.46      324.32      206.69    14476.57    16520.98    19430.19
200801      309.95      317.20      201.44    14116.72    16349.82    19137.92
200802      277.12      286.67      184.21    12913.74    14687.89    17110.14
200803      289.59      298.64      193.11    13131.70    15184.22    17275.63
200804      285.75      295.56      192.12    12925.00    15148.00    17653.08
200805      287.64      303.95      192.36    13392.77    15893.52    17928.67
200806      290.77      307.77      194.10    13529.94    16045.35    17534.79
200807      289.00      295.91      190.06    14326.69    17018.00    14141.75
200808      272.35      281.35      178.82    13910.74    16116.05    14017.48
200809      260.11      269.85      170.40    13327.15    15319.36    13466.77
200810      213.55      222.33      141.65    11477.88    12813.25    11556.78
200811      158.29      162.63      102.79     9263.86    10224.80     8703.41
200812      143.32      150.55       93.08     8802.45     9548.54     7715.87
200901      146.76      156.44       98.98     9350.13    10325.78     8120.05
200902      139.35      144.17       91.73     8519.05     9151.70     6955.79
200903      132.48      135.59       84.99     7919.54     8183.77     5995.86
200904      139.12      141.54       89.24     8396.25     8640.56     6612.14
200905      161.98      162.47      102.76     9008.02     9642.35     8012.95
200906      185.29      183.72      115.88    10058.68    10857.95     8812.41
200907      193.49      196.10      135.65    12180.68    11742.06     8586.52
200908      206.44      208.09      147.14    13168.58    12931.07     9785.63
200909      215.98      223.77      163.45    13526.68    13451.66    10833.03
200910      230.30      239.69      176.38    14299.18    14189.94    11460.58
200911      229.63      237.42      174.59    14288.79    14073.70    10854.86
200912      233.76      239.93      175.68    14824.59    14516.36    11111.15
201001      233.23      239.02      173.07    14971.44    14726.87    11102.01
201002      230.68      236.38      171.82    14397.16    13769.80    10302.58
201003      225.48      230.79      166.27    14254.00    13438.11     9966.56
201004      233.58      243.96      178.48    14795.75    14283.05    10916.01
201005      236.48      245.24      179.93    14319.03    13729.66    10613.92
201006      209.79      214.41      154.33    12798.78    11943.80     9022.15
201007      211.27      220.09      140.05    11740.19    12376.38     9055.65
201008      232.30      242.81      156.21    12840.41    13792.23    10606.70
201009      222.11      233.35      148.80    12570.24    13188.86     9896.83
201010      249.70      263.68      165.76    13890.84    14839.47    11055.17
201011      264.39      278.40      173.87    14522.63    15618.43    11622.25
201012      245.49      261.18      159.24    13679.73    14408.92    10210.86
201101      270.04      291.86      176.55    14719.88    15809.16    11146.25
201102      277.66      302.06      185.28    14800.22    16402.14    12147.54
201103      282.50      308.40      190.63    15217.99    16857.01    12561.57
201104      288.51      312.45      193.03    15361.95    16726.11    12335.33
201105      308.66      329.29      205.95    16550.13    18023.32    13175.39
201106      299.10      319.29      197.84    16267.39    17213.57    12421.13
201107      311.89      296.06      187.30    14769.12    14957.69    16648.76
201108      305.12      286.96      179.18    14628.20    14557.22    15486.64
201109      278.80      259.49      161.19    13595.62    13044.41    13424.32
201110      248.07      223.95      138.96    12079.95    11519.15    11791.08
201111      269.92      239.34      148.21    13445.29    12934.02    13044.51
201112      253.83      221.72      135.65    12989.90    12416.08    12049.22
201201      244.13      215.59      130.78    12765.45    12186.06    11631.04
201202      265.67      232.94      141.66    13315.31    12761.41    12458.51
201203      286.22      251.06      152.75    14058.22    13558.68    13190.65
201204      288.29      253.47      151.76    14241.61    13427.79    13108.79
201205      285.00      250.49      147.42    14109.67    13166.45    12171.50
201206      251.07      218.63      127.26    12543.70    11357.78    10310.43
201207      236.03      246.14      165.22    14620.04    13962.55    10684.05
201208      235.78      244.26      161.72    14889.89    14164.16    10496.55
201209      245.65      254.72      171.12    15299.96    14700.53    11319.78
201210      257.43      265.71      181.06    15780.36    14997.14    11947.61
201211      259.83      268.40      184.20    15910.39    15137.26    12406.06
201212      260.01      268.71      184.81    16413.62    15350.29    12740.58
201301      273.09      285.29      198.98    16688.50    15826.74    13389.30
201302      284.14      304.52      217.37    17400.28    16765.50    14476.84
201303      284.37      303.80      212.99    17270.50    16268.91    13727.28
201304      284.00      298.90      207.72    17670.33    16311.85    12987.19
201305      289.05      305.31      217.41    18002.00    16771.26    13887.81
201306      293.48      307.46      221.47    17745.63    16726.31    14199.40
201307      305.16      305.15      197.53    17293.62    14603.17    15163.37
201308      321.75      322.95      211.31    18304.99    15685.37    16731.07
201309      328.27      326.96      217.09    18080.25    15418.22    16668.66
201310      348.73      349.89      234.59    19118.12    16576.62    17937.60
201311      356.73      363.35      250.13    19622.21    17258.43    19128.46
201312      366.53      372.29      252.55    19698.05    17522.23    19454.39
201401      378.13      382.48      259.36    20282.98    17937.85    19929.09
201402      371.57      383.56      263.12    19391.82    17284.06    19493.26
201403      397.86      412.45      284.30    20800.45    18495.42    20620.04
201404      388.97      410.58      287.97    20538.73    18356.62    20439.72
201405      385.69      408.69      289.07    20828.07    18692.03    20740.18
201406      384.65      408.35      286.75    20991.21    18671.62    20617.74
201407      364.68      398.48      240.07    19022.35    16923.29    19648.42
201408      348.70      380.48      230.24    18258.41    16076.51    19038.79
201409      345.68      377.56      227.96    18398.96    16067.20    18915.63
201410      324.88      358.86      213.31    17809.37    15485.30    18221.78
201411      316.45      348.35      201.69    17657.49    15035.68    17433.25
201412      320.67      351.32      201.79    18177.04    15482.51    17464.30
201501      318.73      343.93      196.19    17656.53    14913.20    16543.81
201502      316.15      337.35      192.15    18035.01    15021.53    15886.12
201503      338.49      361.32      207.05    18820.63    15889.08    17140.14
201504      329.03      351.61      199.63    18441.23    15385.08    16672.92
201505      352.56      371.43      212.95    19057.10    16092.79    17614.11
201506      359.52      376.57      211.35    19114.44    15885.00    17160.05
201507      329.42      357.37      229.24    18443.33    14018.65    18409.30
201508      338.76      364.68      230.36    19180.53    14341.26    18661.15
201509      330.57      353.10      223.67    17972.63    13492.07    17224.08
201510      323.23      340.88      214.01    17564.30    13091.61    15965.57
201511      335.87      354.55      219.24    18650.20    13989.47    16945.75
201512      337.79      350.37      212.30    18538.57    13737.55    16523.16
201601      344.61      356.18      213.60    18266.26    13489.51    16028.48
201602      316.27      330.47      199.82    17422.11    12806.58    14472.13
201603      312.20      328.78      200.01    17016.25    12544.14    14168.30
201604      334.41      357.68      217.65    17943.27    13463.30    14997.38
201605      338.26      360.93      224.41    18015.23    13559.02    15723.50
201606      344.65      364.89      221.28    18131.84    13416.93    15175.72
201607      286.25      308.64      214.73    17188.55    11429.22    15316.57
201608      304.19      323.67      227.85    17812.73    11990.04    16010.69
201609      310.65      332.69      231.87    17555.31    12048.84    16361.87
201610      318.18      336.45      236.43    17560.03    12246.58    16421.92
201611      300.51      320.16      233.46    16018.11    11728.63    16788.17
201612      291.40      315.56      229.92    15328.54    11382.78    16578.50
201701      303.10      328.65      239.66    15863.54    11912.70    17623.68
201702      317.00      344.93      251.98    16248.16    12225.90    18160.15
201703      319.77      349.66      252.64    16641.13    12414.43    17767.92
201704      327.85      359.87      259.86    17289.99    12935.17    18492.23
201705      347.66      384.38      273.07    17945.60    13626.39    19020.59
201706      361.97      404.16      283.86    18889.78    14175.58    19578.92
201707      329.36      386.64      255.17    17011.73    14313.83    18038.23
201708      341.61      401.98      267.70    17325.32    14785.48    19117.38
201709      343.27      399.33      268.21    17419.56    14861.15    18951.10
201710      354.00      411.44      274.19    17712.80    15324.10    19693.14
201711      352.99      407.58      270.66    17788.73    15483.74    19783.67
201712      348.59      407.14      273.05    17719.91    15408.55    19917.46
201801      358.98      418.04      281.00    17907.33    15656.18    20259.63
201802      384.36      443.77      298.27    18546.03    16491.76    21753.26
201803      367.87      425.14      284.19    17524.68    15604.28    20541.72
201804      361.57      420.72      280.59    17577.00    15580.45    20135.58
201805      365.21      427.31      285.49    17714.84    15776.96    20739.37
201806      366.15      418.24      274.11    17578.55    15414.38    19184.52
201807      354.99      375.80      253.97    17584.17    14147.35    19373.81
201808      357.17      379.11      256.95    18232.38    14448.94    20039.35
201809      350.57      373.71      251.77    18208.91    13944.47    19061.07
201810      342.96      367.16      251.06    18099.07    13880.06    19480.45
201811      304.77      330.42      228.79    16563.65    12575.56    17918.78
201812      297.28      323.04      222.57    16396.93    12414.02    17741.02
201901      277.66      306.84      213.77    15781.15    11812.03    16909.93
201902      299.01      328.87      227.47    16832.73    12588.97    17738.63
201903      306.20      331.74      231.98    17546.40    12965.77    18094.96
201904      305.43      324.74      229.01    17962.52    13059.30    17803.07
201905      319.26      339.04      235.12    18626.42    13495.92    18413.01
201906      305.07      318.18      226.89    17904.89    12645.75    16853.64
201907      314.15      355.31      263.57    20323.04    15613.38    16666.53
201908      299.76      342.34      257.08    19992.70    15308.99    16099.08
201909      290.12      330.26      250.87    19888.32    15022.59    15261.10
201910      294.09      336.71      254.08    20008.60    15334.13    16058.22
201911      306.74      350.34      262.81    20787.35    15656.62    16726.47
201912      324.12      360.36      268.97    21199.88    15963.02    16884.54
202001      345.82      381.55      287.88    21942.94    16614.53    17598.70
202002      341.16      375.45      277.13    21875.07    16231.94    16793.63
202003      311.81      342.66      253.49    20172.13    14718.41    15181.95
202004      260.57      273.32      193.84    18436.96    12532.62    11650.57
202005      297.85      303.02      209.11    19650.57    13280.51    12227.40
202006      324.23      319.84      216.35    20924.86    13940.46    12493.89
202007      323.64      328.89      243.74    21776.08    14338.31    15031.08
202008      350.96      349.44      252.57    22820.09    14999.56    15087.58
202009      386.98      374.30      267.06    23788.83    15645.56    15899.30
202010      382.92      363.50      258.84    23654.06    15248.93    14823.66
202011      372.64      348.23      249.76    22477.17    14452.16    14195.31
202012      425.64      409.35      302.05    24779.84    16803.37    17517.91
202101      473.00      447.51      328.35    26120.59    17632.18    18370.55
202102      473.14      452.82      326.85    25857.83    17402.84    17996.76
202103      481.44      467.36      346.48    25951.15    17476.42    19296.99
202104      477.37      475.87      357.74    26455.86    17956.56    20283.87
202105      509.72      505.05      381.66    28648.10    18672.31    20658.64
202106      512.30      523.29      400.09    29703.71    19309.07    21677.87
202107      456.58      397.93      339.54    27616.72    18082.33    18007.93
202108      472.11      410.03      342.14    28714.21    18291.96    18045.51
202109      494.26      419.09      349.84    29110.07    18541.65    18322.38
202110      460.14      397.05      336.30    27201.04    17409.35    18042.04
202111      473.31      406.47      344.35    28710.46    17916.21    18868.36
202112      444.69      386.34      323.97    28086.10    17102.65    17565.36
202201      459.05      402.12      336.78    29159.27    18217.71    18595.30
202202      399.94      374.65      329.99    26086.22    17272.53    18778.79
202203      381.28      358.66      323.75    25069.20    16858.00    17730.58
202204      374.62      359.78      326.87    24933.72    16799.47    17360.80
202205      339.02      334.76      308.63    23117.29    15922.80    16246.74
202206      333.85      331.03      311.63    22726.82    16034.31    16847.26
202207      323.08      296.22      257.83    21711.97    14980.50    14519.67
202208      348.41      308.81      267.02    23709.58    15610.40    14650.13
202209      314.11      285.76      256.65    21765.93    14591.82    14108.12
202210      270.60      245.89      226.47    19833.96    13153.02    12838.38
202211      287.60      258.86      241.02    20870.38    14054.55    14098.42
202212      323.34      285.70      266.41    23571.23    15991.17    15868.04
202301      319.18      287.34      272.24    23077.76    15942.61    15786.33
202302      338.15      310.54      290.54    25176.57    17116.09    17365.78
202303      332.05      306.60      293.62    24686.49    16796.50    17590.08
